9805 35366 20
1830 1830 40
1542 1770 60
9734 57421 80
59431 39463 100
39462 19950 120
1542 59910 140
9990 10196 160
47828 9948 180
47786 64518 200
1542 9767 220
9766 4902 240
806 1542 260
1542 52230 280
1798 1762 300
10216 1890 320
59911 1869 340
9882 9734 360
17926 9991 380
9766 57383 400
57540 2024 420
1795 64519 440
59120 59431 460
1543 1930 480
59910 17898 500
1674 19715 520
9747 1539 540
4870 1542 560
9962 9805 580
1894 1542 600
9766 2040 620
61478 47622 640
9940 35366 660
1830 1830 680
1542 1770 700
9734 57421 720
59431 39463 740
39462 19950 760
1542 59910 780
9990 10196 800
47828 9948 820
47786 64518 840
1542 9767 860
9766 4902 880
806 1542 900
1542 52230 920
1798 1762 940
10216 19995 960
20005 20009 980
20023 19997 1000
20024 19971 1020
20006 19956 1040
19997 19980 1060
19997 19991 1080
20000 19976 1100
20003 19985 1120
20004 19983 1140
20003 19982 1160
20001 19978 1180
19996 19985 1200
20005 20003 1220
20008 20008 1240
20010 20020 1260
20008 20003 1280
20021 20015 1300
20009 20020 1320
20009 20014 1340
20032 20023 1360
20006 20021 1380
20000 20027 1400
20003 20025 1420
20005 20036 1440
20006 20048 1460
20012 20045 1480
20007 20062 1500
20004 20055 1520
20014 20015 1540
20017 20005 1560
20014 19988 1580
20007 19991 1600
20002 20000 1620
19989 20011 1640
20007 20024 1660
19982 20014 1680
20027 20012 1700
20005 20024 1720
20014 20007 1740
20015 20023 1760
20000 20011 1780
19995 20020 1800
19989 20020 1820
19989 20017 1840
19995 20012 1860
19998 20005 1880
20004 20038 1900
20003 20034 1920
19989 20017 1940
19992 20013 1960
19995 20020 1980
20001 20012 2000
20003 20002 2020
20044 20010 2040
20015 19984 2060
20024 19983 2080
20021 20005 2100
20019 20011 2120
20017 20015 2140
20005 20019 2160
20001 20028 2180
19999 20042 2200
19997 20044 2220
19996 20048 2240
19997 20016 2260
19986 20025 2280
19992 20017 2300
19988 20016 2320
19992 20009 2340
19984 19994 2360
19990 20002 2380
19984 19988 2400
19977 19989 2420
19979 19959 2440
19994 19977 2460
19996 20004 2480
19991 20004 2500
19992 20011 2520
19999 20038 2540
20000 20039 2560
19991 20009 2580
19999 19998 2600
20009 19987 2620
20006 19988 2640
20008 20007 2660
20002 20010 2680
19993 20005 2700
19993 20004 2720
19979 20036 2740
19995 20027 2760
20024 20025 2780
20021 20011 2800
20017 19997 2820
20027 19997 2840
20036 20025 2860
20022 20009 2880
20010 20002 2900
20008 20024 2920
20001 20019 2940
20001 20019 2960
19995 20015 2980
19998 20011 3000
19998 20006 3020
19996 20007 3040
19994 20016 3060
19998 20010 3080
19996 20012 3100
19994 20009 3120
19997 20003 3140
19999 19996 3160
20010 19993 3180
20005 19996 3200
20004 19999 3220
20002 19990 3240
20004 19981 3260
20001 19973 3280
19996 19971 3300
19997 19967 3320
19997 19960 3340
19995 19960 3360
19998 19965 3380
20005 19974 3400
20015 19948 3420
20018 19947 3440
20016 19947 3460
20015 19955 3480
20009 19979 3500
20005 19993 3520
19999 20005 3540
19997 20007 3560
19997 20004 3580
19998 19996 3600
19996 19993 3620
20000 20000 3640
20012 20007 3660
20004 20017 3680
20001 20019 3700
20018 20015 3720
20006 20006 3740
20007 19993 3760
20009 19988 3780
20007 19984 3800
20004 19983 3820
20001 19986 3840
19996 19992 3860
19994 19997 3880
19990 20000 3900
19992 19998 3920
19996 19992 3940
19996 19998 3960
19998 19992 3980
20002 19994 4000
20000 19991 4020
20000 19998 4040
19995 20005 4060
19990 20024 4080
19985 20030 4100
19987 20040 4120
19991 20044 4140
19997 20041 4160
20000 20044 4180
20000 20035 4200
19999 20033 4220
19997 20034 4240
20000 20033 4260
20003 20034 4280
20009 20031 4300
20009 20026 4320
20011 20014 4340
20012 20020 4360
20012 20015 4380
20011 20017 4400
20006 20014 4420
20000 20025 4440
19996 20013 4460
19996 20011 4480
19998 20004 4500
19996 20007 4520
19999 20017 4540
20004 20020 4560
20008 20018 4580
20014 20015 4600
20012 20008 4620
20010 20012 4640
20006 20018 4660
20003 20020 4680
20002 20019 4700
19996 20001 4720
19992 19999 4740
19995 20001 4760
19993 20010 4780
20001 20015 4800
20005 20012 4820
20008 20003 4840
20007 20008 4860
20016 20009 4880
20027 20017 4900
19996 20017 4920
19985 20003 4940
19986 19991 4960
19988 19980 4980
19991 19974 5000
19993 19974 5020
19991 19976 5040
19990 19976 5060
19989 19985 5080
19993 19987 5100
19995 19995 5120
19996 20003 5140
19997 19991 5160
19997 19994 5180
19999 19985 5200
20002 19980 5220
20002 19991 5240
19998 19996 5260
20000 20004 5280
20003 20005 5300
20008 20012 5320
20032 20013 5340
20006 20011 5360
20003 20004 5380
20007 20007 5400
20007 19994 5420
20005 19996 5440
20004 19986 5460
20007 19984 5480
20011 19980 5500
20013 19981 5520
20005 19983 5540
20003 19999 5560
19997 20016 5580
20005 20030 5600
20014 20024 5620
20018 20006 5640
20022 20009 5660
20021 19995 5680
20020 20000 5700
20018 19998 5720
20048 19997 5740
20020 19989 5760
20013 19982 5780
20008 19980 5800
20026 19987 5820
20028 19991 5840
20022 20002 5860
20007 19996 5880
20020 20004 5900
20014 20019 5920
20005 20022 5940
19998 20038 5960
19992 20035 5980
19991 20030 6000
19995 20029 6020
20002 20033 6040
20004 20025 6060
20007 20017 6080
20030 20023 6100
20015 20024 6120
20007 20033 6140
19990 20022 6160
19984 20018 6180
19983 20001 6200
19983 19992 6220
19985 20014 6240
19990 20013 6260
20005 20020 6280
20004 20009 6300
20004 20002 6320
20007 20007 6340
20006 20018 6360
19995 20029 6380
19990 20026 6400
19981 20018 6420
19982 20016 6440
19989 20022 6460
19997 20018 6480
20002 20009 6500
20006 20000 6520
20005 19997 6540
20003 20002 6560
20000 20010 6580
19988 20016 6600
19982 20007 6620
19984 19986 6640
19990 19982 6660
19991 19972 6680
19990 19976 6700
19988 19983 6720
19986 19990 6740
19989 19999 6760
19988 20003 6780
19989 19997 6800
19991 19989 6820
19995 19982 6840
19997 19979 6860
20000 19962 6880
20001 19970 6900
20001 19968 6920
20003 19974 6940
20003 19975 6960
20001 19973 6980
20000 19979 7000
20002 19976 7020
20005 19979 7040
20008 19983 7060
20006 19980 7080
20007 19984 7100
20011 19986 7120
20013 19993 7140
20020 19993 7160
20016 19994 7180
20016 19991 7200
20015 20001 7220
20016 19998 7240
20016 20000 7260
20012 19999 7280
20013 20000 7300
20012 19999 7320
20008 20007 7340
20009 19998 7360
20003 20005 7380
20002 20005 7400
19997 19995 7420
19991 20001 7440
19982 20016 7460
19990 20039 7480
19995 20044 7500
20000 20042 7520
20004 20038 7540
20005 20032 7560
20006 20030 7580
20020 20028 7600
20012 20014 7620
20010 20008 7640
20031 20009 7660
20021 19983 7680
20013 19988 7700
20013 19983 7720
20012 19996 7740
20005 20013 7760
19993 20012 7780
19985 19993 7800
19992 19970 7820
20003 19974 7840
20010 19973 7860
20013 19975 7880
20038 19983 7900
20016 19982 7920
20008 19975 7940
20002 19983 7960
20000 19990 7980
19993 19998 8000
19993 20000 8020
19997 19999 8040
20016 19991 8060
20013 19994 8080
20008 19980 8100
20007 19990 8120
20010 19992 8140
20010 19983 8160
20017 19996 8180
20018 20003 8200
20017 20004 8220
20017 20005 8240
20016 20015 8260
20009 19996 8280
19997 20008 8300
19993 20036 8320
20006 20029 8340
20001 20016 8360
19999 20014 8380
19993 20025 8400
19987 20025 8420
19985 20016 8440
19993 20006 8460
19999 20024 8480
19989 20027 8500
19983 20003 8520
19992 19982 8540
20003 19967 8560
20007 19973 8580
20006 19970 8600
19998 19993 8620
19992 20003 8640
19989 20026 8660
19983 20031 8680
19986 20024 8700
19993 20021 8720
19989 20024 8740
19995 20014 8760
19998 20003 8780
20021 19992 8800
20021 19989 8820
20015 19992 8840
20027 19997 8860
20052 20004 8880
20035 20001 8900
20013 20002 8920
20010 19997 8940
20009 19999 8960
19996 20006 8980
19997 20033 9000
20002 20038 9020
20013 20020 9040
20003 20010 9060
20005 19999 9080
20005 20002 9100
20012 20005 9120
20005 20040 9140
20008 20032 9160
19994 20003 9180
19993 19982 9200
20004 19971 9220
20006 19984 9240
20003 19987 9260
20028 19998 9280
20015 20014 9300
19996 20020 9320
20033 20032 9340
20035 20017 9360
20007 20012 9380
20027 20010 9400
20029 19998 9420
20006 19994 9440
20004 19990 9460
20012 19990 9480
20010 19988 9500
20010 19990 9520
20012 19991 9540
20010 19993 9560
20011 19995 9580
20021 20001 9600
20015 20012 9620
20012 20008 9640
20004 20007 9660
19994 20021 9680
19990 20038 9700
20003 20033 9720
20005 20026 9740
20007 20009 9760
20004 20029 9780
20005 20046 9800
19997 20051 9820
19988 20049 9840
19979 20029 9860
19974 20025 9880
19974 20014 9900
19979 20040 9920
19991 20036 9940
20009 20036 9960
20011 20024 9980
20007 20025 10000
20000 20029 10020
19993 20020 10040
19991 20009 10060
19994 19990 10080
20005 19988 10100
20013 19989 10120
20015 19995 10140
20017 19993 10160
20012 19995 10180
20027 19996 10200
20010 19992 10220
20007 19990 10240
20006 19999 10260
20005 19998 10280
20007 19999 10300
20010 20004 10320
20012 19996 10340
20003 19995 10360
19988 19997 10380
19980 20028 10400
19989 20032 10420
20002 20024 10440
19998 20019 10460
19993 20000 10480
19991 20006 10500
19994 20015 10520
19995 20012 10540
19989 20007 10560
19987 20010 10580
19984 20014 10600
19981 20020 10620
19985 20010 10640
19987 20006 10660
19999 20004 10680
20006 20032 10700
19999 20031 10720
19993 20003 10740
20014 20007 10760
20021 20015 10780
20015 20025 10800
20012 20026 10820
20018 20015 10840
20014 20012 10860
20017 19999 10880
20008 20007 10900
19997 20002 10920
19997 19992 10940
19992 19998 10960
20010 20001 10980
19991 20002 11000
19992 19990 11020
19992 19995 11040
19999 19992 11060
19994 19987 11080
19989 19986 11100
19984 19982 11120
19971 20017 11140
19977 20036 11160
19988 20035 11180
20007 20006 11200
19995 19997 11220
19992 20000 11240
19998 20007 11260
19999 20000 11280
20002 20001 11300
20003 19992 11320
20006 19981 11340
20009 19980 11360
20006 19966 11380
20006 19970 11400
20037 19991 11420
20003 20010 11440
19991 20004 11460
19988 19984 11480
19995 19973 11500
20006 19973 11520
20010 19979 11540
20017 19984 11560
20011 19987 11580
20005 19980 11600
19998 19984 11620
19993 19977 11640
19990 19976 11660
19992 19975 11680
19994 19978 11700
19997 19976 11720
20005 19972 11740
20012 19965 11760
20019 19968 11780
20018 19966 11800
20007 19972 11820
19999 20001 11840
20004 20022 11860
20014 20018 11880
20011 20009 11900
20007 20015 11920
20003 20020 11940
20003 20015 11960
20000 20005 11980
19995 19992 12000
19990 19985 12020
19988 19976 12040
19992 19983 12060
19992 19983 12080
19992 19979 12100
20002 19976 12120
20008 20008 12140
19994 20019 12160
19997 20014 12180
20009 19991 12200
20014 20001 12220
20019 20011 12240
20024 20009 12260
20027 19999 12280
20026 19981 12300
20023 19980 12320
20011 19982 12340
20007 19985 12360
20008 19981 12380
20005 19970 12400
20009 19968 12420
20015 19981 12440
20018 19976 12460
20023 19981 12480
20014 19985 12500
20002 20012 12520
20006 20030 12540
20011 20022 12560
20011 20012 12580
20002 20022 12600
19994 20032 12620
19998 20031 12640
20007 20029 12660
20016 20024 12680
20020 20023 12700
20036 20033 12720
20019 20020 12740
20009 20012 12760
20020 20011 12780
19995 20006 12800
19989 20006 12820
19996 20010 12840
20002 20031 12860
19991 20057 12880
19981 20034 12900
19987 20016 12920
20005 20002 12940
20005 20024 12960
20008 20017 12980
20010 20033 13000
20017 20026 13020
20019 20024 13040
20019 20018 13060
20021 20010 13080
20016 20011 13100
20009 19996 13120
19996 20005 13140
20013 20025 13160
20006 20012 13180
20003 19996 13200
19996 19993 13220
20009 20006 13240
19987 20005 13260
19993 20002 13280
20007 20016 13300
20000 20040 13320
19982 20010 13340
19987 19993 13360
19996 19970 13380
20001 19981 13400
20003 19989 13420
20003 19984 13440
20002 19989 13460
19998 19989 13480
19994 19992 13500
19990 20003 13520
19988 20009 13540
19979 20024 13560
19980 20017 13580
19997 20019 13600
19992 20007 13620
19987 20001 13640
19993 19998 13660
20001 19987 13680
20005 19985 13700
19999 19993 13720
19992 20004 13740
19992 20018 13760
19996 20022 13780
19998 20024 13800
19999 20021 13820
20000 20023 13840
20000 20019 13860
20009 20033 13880
20006 20028 13900
19996 20039 13920
19985 20011 13940
19992 19990 13960
20001 19986 13980
20028 19997 14000
20007 19993 14020
20005 19984 14040
20003 19978 14060
20007 19984 14080
20004 19986 14100
20003 19990 14120
19993 20013 14140
19991 19996 14160
19997 19992 14180
20002 19999 14200
20016 19991 14220
20007 19980 14240
20009 19973 14260
20017 19987 14280
20031 19992 14300
20036 19998 14320
20017 19985 14340
20014 19993 14360
20011 19979 14380
19998 19996 14400
19981 20011 14420
19993 20033 14440
20004 20007 14460
20002 19994 14480
19996 20005 14500
20002 20015 14520
20008 20011 14540
20008 20032 14560
19993 20047 14580
19980 20014 14600
20000 19994 14620
19998 19980 14640
20004 19980 14660
20026 19986 14680
20010 19980 14700
20007 19973 14720
20004 19978 14740
19998 19983 14760
19993 19996 14780
19988 19999 14800
19989 19996 14820
19992 19996 14840
19994 19990 14860
19999 19991 14880
19997 19985 14900
19999 19989 14920
20022 19990 14940
20009 19994 14960
20000 19984 14980
20000 19982 15000
19997 19979 15020
19991 19993 15040
19979 20015 15060
19985 20028 15080
19996 20049 15100
20008 20024 15120
20008 20037 15140
20010 20028 15160
20005 20034 15180
19999 20032 15200
19993 20034 15220
19988 20032 15240
19994 20031 15260
19998 20034 15280
20003 20028 15300
20006 20039 15320
20003 20026 15340
19999 20028 15360
19993 20011 15380
19995 20000 15400
20000 19989 15420
20006 19979 15440
20012 19977 15460
20008 19977 15480
20009 19971 15500
20006 19970 15520
20005 19967 15540
20002 19974 15560
20002 19978 15580
19999 19983 15600
19998 19987 15620
20000 19980 15640
20018 19988 15660
20007 19981 15680
19998 19985 15700
19999 19982 15720
19999 19977 15740
20002 19980 15760
19999 19979 15780
20001 19983 15800
19999 19984 15820
19999 19999 15840
20002 19984 15860
19999 19997 15880
20000 19986 15900
20001 19982 15920
20005 19972 15940
20008 19974 15960
20009 19975 15980
20009 19976 16000
20009 19976 16020
20009 19977 16040
20008 19983 16060
20008 19981 16080
20006 19981 16100
20007 19985 16120
20008 19984 16140
20008 19988 16160
20009 19991 16180
20008 19988 16200
20009 19995 16220
20012 19994 16240
20013 19993 16260
20015 20003 16280
20042 20016 16300
20020 20013 16320
20015 20008 16340
20014 20019 16360
20015 20012 16380
20008 20012 16400
20003 20007 16420
20000 20010 16440
19996 20008 16460
19996 20000 16480
19994 20000 16500
19996 19997 16520
19998 20000 16540
19999 19988 16560
20002 19997 16580
19998 19994 16600
19996 20014 16620
19996 20019 16640
19997 20020 16660
20000 20025 16680
19997 20022 16700
19992 20018 16720
19988 20012 16740
20003 20014 16760
20013 20012 16780
20003 20005 16800
20007 20008 16820
20004 20025 16840
20018 20022 16860
20003 20040 16880
20002 20025 16900
20000 20027 16920
19998 20020 16940
19995 20015 16960
19996 19999 16980
20001 19993 17000
20002 19991 17020
20003 19988 17040
20003 19998 17060
20001 19994 17080
20001 20006 17100
19997 19995 17120
19996 19999 17140
19996 20011 17160
19993 20018 17180
19994 20018 17200
19991 20015 17220
19992 20009 17240
19993 19999 17260
19996 19993 17280
20000 19987 17300
19998 19996 17320
19999 19985 17340
20029 19997 17360
20002 19992 17380
20001 19994 17400
19999 19995 17420
20002 19996 17440
20003 19992 17460
20003 19993 17480
20028 19995 17500
20007 19995 17520
20003 19998 17540
20005 19999 17560
20003 19998 17580
20010 20002 17600
20008 20002 17620
20008 20002 17640
20008 19998 17660
20009 20000 17680
20010 20002 17700
20009 20000 17720
20010 20003 17740
20008 20003 17760
20009 20004 17780
20007 20006 17800
20007 20005 17820
20004 20006 17840
20005 20002 17860
20005 20007 17880
20006 20007 17900
20006 20001 17920
20007 20005 17940
20010 20012 17960
20012 20010 17980
20011 20015 18000
20012 20018 18020
20012 20024 18040
20011 20025 18060
20013 20019 18080
20011 20025 18100
20013 20019 18120
20012 20020 18140
20012 20017 18160
20011 20015 18180
20030 20017 18200
20013 20015 18220
20007 20013 18240
20006 20009 18260
20005 20019 18280
20005 20008 18300
20008 20013 18320
20006 20012 18340
20004 20013 18360
20003 20010 18380
20004 20013 18400
20008 20014 18420
20005 20009 18440
20004 20010 18460
20007 20005 18480
20007 20006 18500
20007 20012 18520
20009 20017 18540
20009 20023 18560
20007 20024 18580
20006 20009 18600
20005 20013 18620
20008 20013 18640
20005 20009 18660
20006 20009 18680
20006 20002 18700
20006 19997 18720
20007 19992 18740
20008 19995 18760
20006 19995 18780
20028 20002 18800
20004 19998 18820
20021 20000 18840
20001 19994 18860
19994 19993 18880
19994 19990 18900
19992 19987 18920
19989 19989 18940
19985 20005 18960
19983 20016 18980
19983 20022 19000
19986 20026 19020
19986 20030 19040
19988 20029 19060
19984 20024 19080
19983 20025 19100
19990 20019 19120
19989 20022 19140
19989 20018 19160
19992 20020 19180
19993 20012 19200
19994 20012 19220
20000 20012 19240
20002 20011 19260
20000 20008 19280
20001 20006 19300
20015 20024 19320
20007 20012 19340
20007 20019 19360
20008 20003 19380
20013 20013 19400
20015 20008 19420
20016 20002 19440
20003 19989 19460
20002 19996 19480
20015 19982 19500
20028 19981 19520
20023 19975 19540
20016 19973 19560
20002 19973 19580
19999 19970 19600
19996 19974 19620
19993 19979 19640
19992 19990 19660
19992 19993 19680
19994 19999 19700
20000 19998 19720
19998 19994 19740
19999 19997 19760
20000 19997 19780
20005 19996 19800
20002 19992 19820
20002 19993 19840
20005 19991 19860
20000 19995 19880
19998 20005 19900
19993 20008 19920
19991 19994 19940
19995 19999 19960
19998 19990 19980
19998 19996 20000
20001 19992 20020
20001 19996 20040
20000 19998 20060
20000 19990 20080
19997 19990 20100
19998 19984 20120
19996 19989 20140
20000 19985 20160
19998 19993 20180
19999 19988 20200
19996 20000 20220
19998 20011 20240
20009 20008 20260
20005 19995 20280
20003 19996 20300
20006 20004 20320
20006 19991 20340
20009 19998 20360
20007 19996 20380
20006 19994 20400
20006 19991 20420
20006 19991 20440
20006 19993 20460
20008 19991 20480
20006 19994 20500
20006 19997 20520
20007 19997 20540
20005 19998 20560
20018 20004 20580
20013 20003 20600
20004 20000 20620
20005 19999 20640
20005 19994 20660
20009 19996 20680
20006 19990 20700
20029 19996 20720
20014 19988 20740
20011 19994 20760
20009 20002 20780
20005 20011 20800
20002 20006 20820
20010 20005 20840
20004 19993 20860
20001 19978 20880
20003 19987 20900
20000 19994 20920
20000 19979 20940
20007 19979 20960
20014 19983 20980
20006 19994 21000
20005 19986 21020
20006 19981 21040
20007 19985 21060
20009 19980 21080
20008 19992 21100
20009 19987 21120
20008 19989 21140
20006 19995 21160
20006 19997 21180
20005 19998 21200
20004 19995 21220
20001 19998 21240
19998 20001 21260
20009 20002 21280
19997 20004 21300
20024 20011 21320
20013 20004 21340
20030 20009 21360
19997 19996 21380
19998 20003 21400
20016 20008 21420
20015 20009 21440
20002 20005 21460
20000 20003 21480
19996 20001 21500
19995 20001 21520
19996 20002 21540
19998 20005 21560
19998 20006 21580
19999 19999 21600
19999 20003 21620
20000 20004 21640
19996 19996 21660
19994 19997 21680
19996 20005 21700
19997 20000 21720
19998 19995 21740
19999 19995 21760
20000 19993 21780
20001 20000 21800
19995 19997 21820
19990 20005 21840
19991 20013 21860
20001 20006 21880
20000 19991 21900
19990 20003 21920
19987 20011 21940
19986 20014 21960
19985 20005 21980
19991 19997 22000
20000 19998 22020
20001 20015 22040
19991 20028 22060
20011 20006 22080
20004 20011 22100
19999 20015 22120
19991 20026 22140
19988 20018 22160
19988 20019 22180
19989 20015 22200
19997 20023 22220
19997 20019 22240
20002 20014 22260
20007 20009 22280
20003 19995 22300
20001 20018 22320
19996 20022 22340
20004 20027 22360
19999 20014 22380
20002 20021 22400
20001 20013 22420
20000 20021 22440
19996 20013 22460
19996 20017 22480
19993 20012 22500
19999 20017 22520
19993 20002 22540
19992 19998 22560
19995 20005 22580
19998 19989 22600
20002 19998 22620
20014 19992 22640
20008 19987 22660
20016 19986 22680
20004 19992 22700
20007 20005 22720
19998 19995 22740
19997 20000 22760
19998 20005 22780
20001 20005 22800
20000 20002 22820
19999 20010 22840
19999 20001 22860
20007 20015 22880
20007 20010 22900
20015 20015 22920
20014 20005 22940
20013 20002 22960
20011 20000 22980
20010 19995 23000
20008 19995 23020
20010 19994 23040
20011 19996 23060
20010 19993 23080
20008 19995 23100
20001 19999 23120
20003 20013 23140
20011 20002 23160
20008 19992 23180
20003 19997 23200
20004 20004 23220
20006 20003 23240
20003 19997 23260
20003 20007 23280
20003 20005 23300
20002 20008 23320
20005 20001 23340
20007 20011 23360
20020 20011 23380
20032 20025 23400
20015 20009 23420
20011 20018 23440
20006 20010 23460
20004 20012 23480
20005 20016 23500
20002 20013 23520
20003 20011 23540
19998 19999 23560
19999 20007 23580
20001 20003 23600
19996 20005 23620
20000 19998 23640
20011 19996 23660
19998 19995 23680
20000 19990 23700
20002 19987 23720
20004 19987 23740
20008 19999 23760
20006 19999 23780
20009 20009 23800
20011 20011 23820
20007 20014 23840
20007 20010 23860
20005 20012 23880
20001 20007 23900
20001 20001 23920
20003 19998 23940
20010 19998 23960
20007 19987 23980
20022 19992 24000
20010 19990 24020
20010 19997 24040
20014 20004 24060
20012 20005 24080
20010 20007 24100
20008 20007 24120
20006 20016 24140
20006 20011 24160
20012 20020 24180
20001 20010 24200
20025 20019 24220
20000 20010 24240
20002 20003 24260
19997 19999 24280
19998 19988 24300
19999 20004 24320
19999 20000 24340
20002 20004 24360
19997 19999 24380
19998 20003 24400
19996 20004 24420
20000 20010 24440
19999 19997 24460
19996 19984 24480
19999 19985 24500
20000 19988 24520
20002 20002 24540
19997 20009 24560
19997 20014 24580
19998 20005 24600
20004 20011 24620
20003 20010 24640
19999 20009 24660
20001 20008 24680
20000 20013 24700
20002 20012 24720
20004 20008 24740
20004 20006 24760
20006 20007 24780
20004 20005 24800
20004 19999 24820
20004 20001 24840
20003 19994 24860
20002 20005 24880
19999 20001 24900
19999 20006 24920
19998 20004 24940
19999 20011 24960
20001 20010 24980
20000 20007 25000
19998 20009 25020
20011 20012 25040
20002 20010 25060
20000 20000 25080
19995 19997 25100
19996 19998 25120
19996 20001 25140
19998 19993 25160
20002 19991 25180
19998 19990 25200
20001 19990 25220
20001 19983 25240
19999 19985 25260
20006 19990 25280
20004 19988 25300
20006 19992 25320
20007 19988 25340
20007 20005 25360
20009 19989 25380
20012 20004 25400
20012 20005 25420
20014 20012 25440
20011 20004 25460
20011 20000 25480
20009 19995 25500
20009 20000 25520
20008 20004 25540
20007 20010 25560
20001 20002 25580
20003 19994 25600
20003 20005 25620
20006 20006 25640
20004 19997 25660
20005 20010 25680
20001 20000 25700
20000 19999 25720
20001 20000 25740
20003 20002 25760
19999 19990 25780
20001 19989 25800
20013 19995 25820
20005 20005 25840
20001 19995 25860
19999 20001 25880
20000 19997 25900
20000 20001 25920
19997 19996 25940
20002 20006 25960
20004 20003 25980
20005 20006 26000
20001 19998 26020
19999 19994 26040
19996 19989 26060
19996 19994 26080
20001 20003 26100
19996 19995 26120
19994 20001 26140
19997 19997 26160
19997 19998 26180
20003 20001 26200
20000 20003 26220
20002 20006 26240
19999 20001 26260
20000 20006 26280
19999 20008 26300
20002 20018 26320
19998 20006 26340
19997 20016 26360
19997 20006 26380
19998 20011 26400
19996 20003 26420
20000 20009 26440
20000 20008 26460
20005 20021 26480
20000 20009 26500
19999 20006 26520
19999 20009 26540
19999 20013 26560
19998 20016 26580
19998 20007 26600
20001 20015 26620
19999 20009 26640
19998 20008 26660
20013 20011 26680
20003 20009 26700
20004 20008 26720
20000 20008 26740
20025 20011 26760
20003 20001 26780
19997 20002 26800
19999 20001 26820
19998 20009 26840
19998 20000 26860
19999 20009 26880
20000 20005 26900
20003 20008 26920
20002 20009 26940
20001 20008 26960
20003 20006 26980
20002 20005 27000
20002 20002 27020
19999 20003 27040
19999 20008 27060
19999 20007 27080
19999 20019 27100
19998 20006 27120
20001 20014 27140
20000 20016 27160
19998 20011 27180
19997 20010 27200
19999 20013 27220
20033 20020 27240
20005 20013 27260
19999 20016 27280
20003 20015 27300
20000 20018 27320
20000 20005 27340
19998 20014 27360
19999 20016 27380
20002 20016 27400
20002 20012 27420
20005 20022 27440
20004 20005 27460
20006 20010 27480
20005 20002 27500
20005 20008 27520
20009 20006 27540
20007 20006 27560
20007 20014 27580
20009 20003 27600
20009 20011 27620
20011 19999 27640
20007 20000 27660
20005 19993 27680
20006 19997 27700
20004 19992 27720
20005 19991 27740
20003 19991 27760
20001 19994 27780
20001 20012 27800
20000 19986 27820
20005 19994 27840
20012 19993 27860
20009 19998 27880
20002 19998 27900
19998 19999 27920
20000 20003 27940
20002 20002 27960
19999 20012 27980
19998 20000 28000
19998 20004 28020
20001 19994 28040
20003 20005 28060
20002 19999 28080
20003 20001 28100
20005 20000 28120
20003 20001 28140
20004 20002 28160
20001 19997 28180
20004 20001 28200
20002 19999 28220
20004 20006 28240
20029 20001 28260
20011 20009 28280
20015 19997 28300
20006 19991 28320
20003 19998 28340
20004 20000 28360
20005 19996 28380
20003 20001 28400
20001 20000 28420
20001 20004 28440
20004 20004 28460
20002 20006 28480
20000 20017 28500
20018 20009 28520
20008 20007 28540
20031 20007 28560
20008 20001 28580
20003 19992 28600
20002 19989 28620
20003 19993 28640
20006 19999 28660
20007 20002 28680
20001 20003 28700
20002 19996 28720
19998 19996 28740
20000 20003 28760
19999 19993 28780
19997 19998 28800
20000 19992 28820
19998 20005 28840
19999 19999 28860
20000 20000 28880
19999 19992 28900
20000 19992 28920
19999 19994 28940
19999 19996 28960
20002 19997 28980
19998 20001 29000
19998 20001 29020
19996 19998 29040
19999 20005 29060
20000 19999 29080
20000 20002 29100
19999 20000 29120
20001 20002 29140
20000 20002 29160
20001 19999 29180
20000 20000 29200
19999 20000 29220
20001 20015 29240
19999 20003 29260
20001 20001 29280
19999 20001 29300
19999 20006 29320
20012 20009 29340
20004 20003 29360
20028 20003 29380
20014 20001 29400
20007 20001 29420
20012 20002 29440
20035 20006 29460
20010 19999 29480
19998 19997 29500
19997 20005 29520
19997 20008 29540
20006 20013 29560
20000 20006 29580
19999 20002 29600
19999 20006 29620
19999 20005 29640
20001 20001 29660
20000 20004 29680
20001 20002 29700
20001 20008 29720
20003 20007 29740
20004 20011 29760
20003 20002 29780
20004 20005 29800
19999 19995 29820
20022 19998 29840
20032 19999 29860
20002 19996 29880
20000 19998 29900
19999 19999 29920
19998 19999 29940
19999 20001 29960
19996 19997 29980
19997 19989 30000
19993 19999 30020
19996 19991 30040
19995 20005 30060
19993 20000 30080
19994 20001 30100
19994 19996 30120
19993 19996 30140
19994 19997 30160
19994 19996 30180
19998 20001 30200
19994 20001 30220
19997 20012 30240
19999 20008 30260
20002 20014 30280
20001 20001 30300
20005 19996 30320
20000 19996 30340
19997 19999 30360
20002 19997 30380
20002 19997 30400
20004 19986 30420
20005 19999 30440
20003 19999 30460
20001 19999 30480
20002 20005 30500
20003 20003 30520
19999 20010 30540
20001 20000 30560
20000 20000 30580
20002 19997 30600
20002 19999 30620
20009 20001 30640
20001 19999 30660
19999 20005 30680
20001 19998 30700
20026 20007 30720
20007 19998 30740
20001 20005 30760
20001 19993 30780
20002 19999 30800
20002 19996 30820
20002 19994 30840
20000 19996 30860
20014 20003 30880
20026 20003 30900
20044 20012 30920
20006 20001 30940
20022 20002 30960
20002 20000 30980
20022 20002 31000
20002 19995 31020
19996 19991 31040
19994 19989 31060
19995 19986 31080
19996 19980 31100
20000 19987 31120
19999 19992 31140
20000 19993 31160
19998 19990 31180
19997 19992 31200
20001 19992 31220
19997 19995 31240
19997 19986 31260
20002 19989 31280
20002 19988 31300
20007 19993 31320
20003 19994 31340
20001 19995 31360
20002 19995 31380
20001 19995 31400
20002 19994 31420
20003 19992 31440
20002 19999 31460
20002 19994 31480
20003 20003 31500
20001 19996 31520
20002 19993 31540
20002 19993 31560
20005 19999 31580
20004 19992 31600
20004 19987 31620
20003 19990 31640
19999 19989 31660
19998 19990 31680
19998 19993 31700
19998 20007 31720
20000 19998 31740
19995 19993 31760
19997 19995 31780
20000 19996 31800
20002 19996 31820
20003 19998 31840
20000 20001 31860
20000 20000 31880
20002 20000 31900
20002 20002 31920
20004 20003 31940
20003 20001 31960
20003 20004 31980
20003 20005 32000
20008 20005 32020
20005 20003 32040
20006 20004 32060
20006 20001 32080
20006 20003 32100
20007 20002 32120
20010 20006 32140
20009 20002 32160
20010 20004 32180
20009 20006 32200
20007 20009 32220
20006 20020 32240
20006 20009 32260
20005 20021 32280
20003 20012 32300
20004 20018 32320
20004 20015 32340
20001 20028 32360
20006 20019 32380
20001 20020 32400
20002 20018 32420
20003 20008 32440
20003 20010 32460
20004 20010 32480
20003 20015 32500
20004 20011 32520
20005 20015 32540
20006 20006 32560
20005 20014 32580
20004 20010 32600
20003 20012 32620
20014 20015 32640
20007 20005 32660
19999 20014 32680
20001 20011 32700
19996 20001 32720
20007 19997 32740
20004 20008 32760
19998 20006 32780
20000 20001 32800
20002 20003 32820
20003 20006 32840
20006 20003 32860
20001 20001 32880
20002 20002 32900
19998 20000 32920
20001 20003 32940
20006 20005 32960
20002 20006 32980
20003 19998 33000
20005 20003 33020
20004 19998 33040
20007 20005 33060
20005 20001 33080
20002 19998 33100
20004 20000 33120
20002 20001 33140
20004 19997 33160
20005 19998 33180
20030 20008 33200
20008 20003 33220
20003 20000 33240
20001 19996 33260
20003 20009 33280
20001 20006 33300
20002 20009 33320
20003 20003 33340
20003 20011 33360
20005 20004 33380
20005 20007 33400
20006 20005 33420
20004 20007 33440
20004 19999 33460
20003 20007 33480
20002 20007 33500
20000 20003 33520
19999 20016 33540
20017 20011 33560
20024 20014 33580
20003 20013 33600
19997 20008 33620
19996 20015 33640
19995 20010 33660
19998 20008 33680
20025 20015 33700
20004 20017 33720
19994 20001 33740
19991 20011 33760
19992 20009 33780
19991 20021 33800
19989 20008 33820
19990 20014 33840
19992 20007 33860
19995 20004 33880
19994 19999 33900
19994 19999 33920
19995 20000 33940
19996 19998 33960
19993 20003 33980
19995 19994 34000
19997 20001 34020
19996 19995 34040
19996 19993 34060
19998 19992 34080
19998 19992 34100
19998 19991 34120
19998 19989 34140
19998 19987 34160
19998 19988 34180
20000 19987 34200
19999 19992 34220
20001 19996 34240
19999 19992 34260
19999 19995 34280
19999 19993 34300
19998 19995 34320
20023 20003 34340
20004 20004 34360
19999 20003 34380
20000 20004 34400
19999 20006 34420
19999 20005 34440
20000 20005 34460
20023 20012 34480
20006 20016 34500
20011 20006 34520
20002 20009 34540
19999 20008 34560
19999 20008 34580
20003 20008 34600
20000 20006 34620
20000 20005 34640
19999 20003 34660
19999 20001 34680
20004 20004 34700
20000 20010 34720
19999 20003 34740
19999 20012 34760
20000 20005 34780
20001 20012 34800
20004 20005 34820
20002 20006 34840
20028 20013 34860
20010 20008 34880
20002 20004 34900
20001 20007 34920
20000 20002 34940
19999 20001 34960
20000 20006 34980
20001 19999 35000
19999 20007 35020
20001 19999 35040
20001 20004 35060
20003 20006 35080
20003 20012 35100
20006 20016 35120
20014 20017 35140
20016 20014 35160
20007 20010 35180
20004 20008 35200
20009 20005 35220
20033 20028 35240
20013 20007 35260
20018 20005 35280
20011 20002 35300
20011 19999 35320
20011 19989 35340
20009 19991 35360
20011 19988 35380
20007 19986 35400
20012 19990 35420
20008 19996 35440
20009 19989 35460
20008 19997 35480
20006 20011 35500
20011 19994 35520
20008 20003 35540
20008 19997 35560
20006 19996 35580
20004 19987 35600
20010 19987 35620
20004 19987 35640
20004 19980 35660
20000 19989 35680
19998 19987 35700
20000 20000 35720
20002 19996 35740
20004 19999 35760
20002 19991 35780
20006 20000 35800
20002 19994 35820
20004 19993 35840
19999 19995 35860
20000 19994 35880
20002 19995 35900
20001 19993 35920
20004 19990 35940
20026 19999 35960
20009 20001 35980
20004 19990 36000
20005 19997 36020
20005 19995 36040
20005 19995 36060
20006 19998 36080
20003 20002 36100
20003 20002 36120
20005 20003 36140
20002 20005 36160
20004 20005 36180
20000 20003 36200
20000 20000 36220
20003 20004 36240
20008 20000 36260
20003 19999 36280
20002 19994 36300
19999 20002 36320
20002 19995 36340
20000 19999 36360
19997 19994 36380
19999 19992 36400
19998 19999 36420
20001 19998 36440
19995 19995 36460
19998 19991 36480
19999 19997 36500
19999 19987 36520
19999 19993 36540
19999 19995 36560
20000 19994 36580
20005 20004 36600
20005 19999 36620
20004 20005 36640
20001 19994 36660
20002 19994 36680
20003 19993 36700
20003 20004 36720
19999 19986 36740
19999 19996 36760
19997 19993 36780
19997 20003 36800
19997 19996 36820
19997 19997 36840
19999 19996 36860
20017 20002 36880
20021 19999 36900
20005 19997 36920
20001 19994 36940
20004 19998 36960
20004 20006 36980
20006 20000 37000
20004 20009 37020
20005 20008 37040
20008 20007 37060
20005 20006 37080
20003 19999 37100
20004 19999 37120
20006 20002 37140
20007 20000 37160
20004 20001 37180
20001 20000 37200
20004 19999 37220
20003 20014 37240
20007 20003 37260
20004 20009 37280
20003 20001 37300
20005 20005 37320
20004 20004 37340
20008 20001 37360
20005 20002 37380
20005 19998 37400
20006 19992 37420
20007 20005 37440
20008 19999 37460
20009 20005 37480
20007 20011 37500
20020 20013 37520
20009 20015 37540
20008 20005 37560
20007 20007 37580
20008 20002 37600
20007 20008 37620
20008 20007 37640
20003 20002 37660
20008 20002 37680
20013 20001 37700
20011 20005 37720
20004 19995 37740
20001 20000 37760
20004 20005 37780
20002 20000 37800
20002 20005 37820
20001 20004 37840
20007 20006 37860
20004 20009 37880
19999 20011 37900
19997 20007 37920
19994 20008 37940
19993 20008 37960
19997 20015 37980
19992 20005 38000
19993 20011 38020
19992 20003 38040
19994 20006 38060
19999 20002 38080
19999 20000 38100
20001 20000 38120
20013 20001 38140
20015 20005 38160
20001 20001 38180
19998 20004 38200
20023 20007 38220
20000 19992 38240
19999 19998 38260
20001 20008 38280
20003 20002 38300
20001 20003 38320
20000 20009 38340
19999 20006 38360
19999 19998 38380
19999 19996 38400
20001 19993 38420
20002 19995 38440
20001 20001 38460
20001 20000 38480
20000 20003 38500
20000 20002 38520
19999 20004 38540
19998 19996 38560
20002 19988 38580
20009 19997 38600
20007 19997 38620
20001 19996 38640
20000 19998 38660
20000 19998 38680
20002 19999 38700
20000 19998 38720
19998 19997 38740
19999 20003 38760
20000 19996 38780
20002 20002 38800
20001 19991 38820
20000 19992 38840
19999 19992 38860
20001 19998 38880
20004 19999 38900
20002 20014 38920
20010 20005 38940
20001 20002 38960
20031 20010 38980
20014 20006 39000
20004 20003 39020
20004 19997 39040
20005 19997 39060
20008 20003 39080
20033 20007 39100
20008 20002 39120
20002 19995 39140
20000 19993 39160
20001 19992 39180
20001 19998 39200
19999 19994 39220
20000 20000 39240
19998 19998 39260
19997 20008 39280
19999 19999 39300
19999 20002 39320
20012 20002 39340
20012 20003 39360
20034 20006 39380
20024 20006 39400
20025 20006 39420
20020 20004 39440
20022 20001 39460
19997 20000 39480
19993 20002 39500
19995 19995 39520
19994 20000 39540
19993 19998 39560
19993 19999 39580
19994 20001 39600
19996 19993 39620
19994 19997 39640
19995 20007 39660
19995 20004 39680
20003 20012 39700
20000 20008 39720
19995 20004 39740
20008 20005 39760
19996 20001 39780
20014 20011 39800
20017 20004 39820
20001 20001 39840
19996 20004 39860
19997 20006 39880
19997 20004 39900
19996 20008 39920
19996 20011 39940
19995 20007 39960
19994 20017 39980
19992 20013 40000
19993 20010 40020
19994 20006 40040
19991 20010 40060
19992 20001 40080
19994 19998 40100
19997 19994 40120
19996 20001 40140
19996 19998 40160
19997 19995 40180
19996 20000 40200
19998 19998 40220
19999 20009 40240
19998 19998 40260
19999 20008 40280
19994 20004 40300
19997 20007 40320
19999 20009 40340
20000 20005 40360
19997 20011 40380
19998 20003 40400
20000 20009 40420
20003 19998 40440
20000 20004 40460
20000 20001 40480
20005 19996 40500
20004 19995 40520
20008 20007 40540
20004 19990 40560
20003 19994 40580
19999 19998 40600
20003 19996 40620
20007 19993 40640
20005 19997 40660
20003 20002 40680
20003 20003 40700
20003 20012 40720
20008 20010 40740
20004 20014 40760
20005 20010 40780
20006 20008 40800
20004 20000 40820
20003 19993 40840
20006 19998 40860
20004 19994 40880
20005 19996 40900
20005 19998 40920
20002 19993 40940
20013 19999 40960
20001 20007 40980
20001 20002 41000
20015 20010 41020
20005 20003 41040
20023 20006 41060
20004 20002 41080
20005 20004 41100
20005 20001 41120
20006 20001 41140
20009 20003 41160
20011 19998 41180
20011 20002 41200
20011 20005 41220
20012 20010 41240
20013 20017 41260
20009 20026 41280
20005 20015 41300
20002 20020 41320
20001 20017 41340
20001 20009 41360
20001 20002 41380
20007 20004 41400
20011 19999 41420
20013 20008 41440
20013 19995 41460
20013 20007 41480
20008 20005 41500
20006 20001 41520
20010 20007 41540
20015 20009 41560
20026 20010 41580
20013 20003 41600
20021 20015 41620
20014 20017 41640
20003 20018 41660
20013 20021 41680
20005 20016 41700
20005 20016 41720
20003 20013 41740
20004 20013 41760
20004 20006 41780
20007 20004 41800
20007 20003 41820
20005 20007 41840
20027 20022 41860
20017 20020 41880
20006 20015 41900
19993 20013 41920
19990 20009 41940
19991 20017 41960
19986 20019 41980
19984 20009 42000
19985 20010 42020
19987 20012 42040
19985 20015 42060
19989 20012 42080
19992 20010 42100
20004 20019 42120
19993 20019 42140
19995 20016 42160
19999 20012 42180
19998 20000 42200
19997 20002 42220
19996 20009 42240
19994 20003 42260
20005 20015 42280
19996 20019 42300
20000 20037 42320
19998 20026 42340
19992 20025 42360
20041 19902 42380
20059 19848 42400
19694 20940 42420
18186 22669 42440
16222 20268 42460
17909 16577 42480
18167 20164 42500
17332 18084 42520
18237 19750 42540
18245 18620 42560
18436 18456 42580
18475 19227 42600
18362 18897 42620
18622 18953 42640
18602 19191 42660
18799 19375 42680
18753 19175 42700
18969 19301 42720
18744 19370 42740
18667 19192 42760
18763 19149 42780
19032 19374 42800
19120 19420 42820
19116 19557 42840
19191 19520 42860
19241 19346 42880
19238 19266 42900
19300 19298 42920
19338 19370 42940
19417 19319 42960
19482 19332 42980
19530 19471 43000
19627 19489 43020
19559 19734 43040
19729 19521 43060
19737 19652 43080
19654 19824 43100
19731 19788 43120
19793 19644 43140
19755 19752 43160
19766 19719 43180
19824 19619 43200
19881 19655 43220
19958 19580 43240
19884 19628 43260
19893 19552 43280
19903 19558 43300
19944 19591 43320
20001 19583 43340
20067 19542 43360
20059 19507 43380
19969 19586 43400
19992 19797 43420
20084 19769 43440
20057 19753 43460
20045 19784 43480
20096 19870 43500
20149 19839 43520
20127 19906 43540
20130 19846 43560
20026 19929 43580
20099 20127 43600
20318 19735 43620
20167 19510 43640
19976 19881 43660
20105 20082 43680
20162 19941 43700
20107 20002 43720
20132 20154 43740
20234 20092 43760
20235 20012 43780
20211 20118 43800
20285 20141 43820
20376 20017 43840
20397 19886 43860
20372 19841 43880
20325 19812 43900
20270 19819 43920
20278 19806 43940
20350 19867 43960
20386 20031 43980
20363 20205 44000
20345 20315 44020
20357 20442 44040
20362 20572 44060
20361 20624 44080
20377 20591 44100
20392 20514 44120
20405 20414 44140
20423 20357 44160
20450 20332 44180
20450 20260 44200
20383 20170 44220
20362 20172 44240
20390 20320 44260
20408 20314 44280
20448 20337 44300
20475 20386 44320
20489 20328 44340
20496 20208 44360
20501 20133 44380
20495 20092 44400
20481 20054 44420
20473 20051 44440
20468 20041 44460
20450 19998 44480
20423 19973 44500
20393 19969 44520
20361 19969 44540
20325 19988 44560
20283 20008 44580
20235 20033 44600
20194 20077 44620
20172 20103 44640
20151 20131 44660
20139 20157 44680
20125 20192 44700
20111 20230 44720
20099 20271 44740
20088 20396 44760
20091 20553 44780
20107 20647 44800
20123 20686 44820
20137 20689 44840
20143 20665 44860
20151 20619 44880
20159 20562 44900
20164 20497 44920
20180 20435 44940
20203 20386 44960
20234 20341 44980
20263 20298 45000
20289 20258 45020
20309 20210 45040
20309 20139 45060
20278 20065 45080
20227 20032 45100
20191 20002 45120
20172 19989 45140
20158 19996 45160
20149 20018 45180
20146 20034 45200
20149 20045 45220
20154 20049 45240
20151 20049 45260
20145 20056 45280
20133 20066 45300
20121 20096 45320
20118 20116 45340
20119 20138 45360
20124 20158 45380
20137 20171 45400
20154 20177 45420
20170 20169 45440
20185 20161 45460
20198 20157 45480
20211 20172 45500
20223 20173 45520
20231 20190 45540
20233 20187 45560
20233 20188 45580
20233 20195 45600
20234 20196 45620
20235 20194 45640
20236 20188 45660
20234 20187 45680
20231 20188 45700
20231 20188 45720
20231 20188 45740
20232 20186 45760
20230 20182 45780
20230 20182 45800
20226 20178 45820
20227 20178 45840
20224 20187 45860
20218 20187 45880
20210 20179 45900
20205 20173 45920
20198 20171 45940
20193 20167 45960
20193 20171 45980
20188 20164 46000
20188 20170 46020
20189 20158 46040
20191 20165 46060
20192 20162 46080
20193 20156 46100
20191 20138 46120
20192 20131 46140
20189 20119 46160
20189 20118 46180
20188 20116 46200
20186 20119 46220
20184 20130 46240
20182 20124 46260
20180 20111 46280
20175 20104 46300
20172 20109 46320
20167 20110 46340
20165 20110 46360
20160 20107 46380
20155 20122 46400
20152 20121 46420
20149 20130 46440
20146 20145 46460
20140 20150 46480
20129 20143 46500
20120 20163 46520
20116 20171 46540
20111 20160 46560
20102 20158 46580
20100 20156 46600
20091 20158 46620
20087 20160 46640
20084 20161 46660
20083 20155 46680
20081 20148 46700
20080 20138 46720
20080 20123 46740
20083 20121 46760
20088 20110 46780
20094 20094 46800
20099 20094 46820
20101 20093 46840
20095 20095 46860
20086 20102 46880
20077 20097 46900
20070 20105 46920
20068 20100 46940
20067 20102 46960
20068 20105 46980
20067 20102 47000
20070 20102 47020
20071 20092 47040
20071 20092 47060
20068 20083 47080
20073 20075 47100
20075 20066 47120
20073 20062 47140
20066 20066 47160
20067 20065 47180
20069 20057 47200
20071 20048 47220
20070 20044 47240
20068 20039 47260
20069 20037 47280
20067 20034 47300
20065 20036 47320
20056 20041 47340
20046 20053 47360
20037 20059 47380
20030 20063 47400
20027 20061 47420
20026 20058 47440
20026 20052 47460
20027 20055 47480
20030 20052 47500
20038 20040 47520
20042 20037 47540
20051 20021 47560
20058 20015 47580
20065 20011 47600
20070 20008 47620
20072 20006 47640
20074 20003 47660
20074 20005 47680
20070 20008 47700
20065 20010 47720
20060 20009 47740
20057 20008 47760
20055 20004 47780
20055 19998 47800
20051 20006 47820
20048 20006 47840
20048 20007 47860
20048 20004 47880
20049 19994 47900
20052 19988 47920
20055 19986 47940
20057 19984 47960
20060 19979 47980
20063 19973 48000
20064 19972 48020
20071 19953 48040
20075 19942 48060
20076 19937 48080
20078 19940 48100
20079 19937 48120
20080 19933 48140
20080 19929 48160
20079 19930 48180
20078 19931 48200
20074 19936 48220
20064 19956 48240
20053 19962 48260
20040 19984 48280
20031 19988 48300
20026 19997 48320
20022 19994 48340
20022 19993 48360
20023 19991 48380
20022 19990 48400
20022 19993 48420
20024 19993 48440
20026 19988 48460
20030 19984 48480
20033 19978 48500
20038 19974 48520
20044 19965 48540
20048 19964 48560
20047 19965 48580
20045 19963 48600
20044 19962 48620
20044 19964 48640
20044 19959 48660
20043 19957 48680
20044 19956 48700
20044 19963 48720
20043 19957 48740
20043 19968 48760
20042 19954 48780
20043 19958 48800
20044 19949 48820
20045 19943 48840
20043 19932 48860
20047 19923 48880
20046 19914 48900
20047 19908 48920
20050 19910 48940
20048 19914 48960
20049 19918 48980
20046 19915 49000
20044 19926 49020
20039 19946 49040
20035 19975 49060
20029 19981 49080
20027 19985 49100
20026 19978 49120
20031 19966 49140
20039 19937 49160
20045 19915 49180
20045 19905 49200
20045 19910 49220
20044 19924 49240
20039 19944 49260
20038 19963 49280
20037 19975 49300
20039 19976 49320
20039 19975 49340
20041 19965 49360
20043 19949 49380
20044 19933 49400
20045 19914 49420
20041 19901 49440
20039 19908 49460
20038 19915 49480
20035 19915 49500
20032 19908 49520
20029 19899 49540
20025 19889 49560
20019 19869 49580
20012 19854 49600
20007 19866 49620
20004 19850 49640
19999 19855 49660
19999 19860 49680
19999 19871 49700
20001 19884 49720
20002 19888 49740
20002 19897 49760
20000 19881 49780
19995 19886 49800
19994 19878 49820
19994 19886 49840
19997 19897 49860
20000 19914 49880
20001 19922 49900
20001 19925 49920
20002 19930 49940
19999 19934 49960
19995 19940 49980
19993 19940 50000
19994 19955 50020
19996 19960 50040
20000 19959 50060
20002 19978 50080
20005 19990 50100
20006 19999 50120
20009 20020 50140
20010 20034 50160
20012 20057 50180
20013 20083 50200
20009 20107 50220
20010 20134 50240
20008 20139 50260
20005 20150 50280
20005 20139 50300
20003 20141 50320
20004 20147 50340
20004 20157 50360
20002 20153 50380
20003 20141 50400
20001 20122 50420
20000 20111 50440
20001 20101 50460
20002 20087 50480
20005 20089 50500
20005 20077 50520
20002 20087 50540
20004 20080 50560
20005 20076 50580
20008 20065 50600
20009 20057 50620
20008 20050 50640
20010 20044 50660
20014 20041 50680
20014 20033 50700
20017 20022 50720
20018 19998 50740
20020 19987 50760
20022 19965 50780
20024 19962 50800
20023 19955 50820
20023 19955 50840
20023 19943 50860
20023 19938 50880
20023 19930 50900
20022 19927 50920
20023 19934 50940
20022 19939 50960
20023 19939 50980
20019 19936 51000
20016 19927 51020
20012 19917 51040
20011 19915 51060
20011 19915 51080
20007 19903 51100
20005 19894 51120
20003 19892 51140
19999 19897 51160
19998 19898 51180
19998 19904 51200
19997 19910 51220
19997 19935 51240
19997 19954 51260
19998 19975 51280
20000 19985 51300
20000 19998 51320
20000 20003 51340
20001 20004 51360
19997 20008 51380
19996 20015 51400
19998 20029 51420
20000 20040 51440
20000 20050 51460
19999 20037 51480
19998 20010 51500
19992 19989 51520
19993 19988 51540
19993 19990 51560
19994 20012 51580
19996 20023 51600
19997 20028 51620
19998 20014 51640
19996 20003 51660
19991 19981 51680
19988 19962 51700
19989 19967 51720
19993 19984 51740
20000 20004 51760
20004 20010 51780
20007 20022 51800
20007 20003 51820
20006 19993 51840
20006 19997 51860
20009 20013 51880
20017 20038 51900
20026 20066 51920
20033 20085 51940
20037 20079 51960
20035 20062 51980
20031 20048 52000
20027 20066 52020
20032 20091 52040
20033 20137 52060
20035 20146 52080
20035 20133 52100
20034 20103 52120
20030 20082 52140
20026 20080 52160
20021 20104 52180
20021 20140 52200
20022 20169 52220
20025 20174 52240
20026 20149 52260
20027 20140 52280
20022 20143 52300
20017 20168 52320
20011 20174 52340
20009 20175 52360
20011 20160 52380
20013 20138 52400
20012 20111 52420
20010 20100 52440
20008 20117 52460
20004 20149 52480
19999 20167 52500
20003 20164 52520
20004 20155 52540
20006 20123 52560
20002 20112 52580
19996 20109 52600
19989 20119 52620
19986 20116 52640
19983 20105 52660
19983 20094 52680
19980 20083 52700
19975 20074 52720
19974 20075 52740
19973 20075 52760
19976 20055 52780
19979 20038 52800
19981 20018 52820
19981 20018 52840
19977 20012 52860
19973 20023 52880
19971 20037 52900
19969 20037 52920
19970 20034 52940
19971 20027 52960
19970 20020 52980
19969 20028 53000
19967 20060 53020
19957 20081 53040
19952 20100 53060
19946 20113 53080
19944 20121 53100
19943 20124 53120
19942 20125 53140
19942 20112 53160
19942 20114 53180
19944 20109 53200
19945 20110 53220
19942 20121 53240
19935 20128 53260
19926 20156 53280
19916 20160 53300
19909 20171 53320
19903 20170 53340
19896 20170 53360
19894 20168 53380
19892 20167 53400
19887 20169 53420
19887 20175 53440
19885 20172 53460
19892 20158 53480
19897 20145 53500
19903 20140 53520
19908 20135 53540
19912 20127 53560
19916 20128 53580
19922 20117 53600
19935 20116 53620
19944 20102 53640
19951 20100 53660
19952 20107 53680
19952 20105 53700
19955 20109 53720
19963 20092 53740
19976 20078 53760
19993 20059 53780
20008 20046 53800
20019 20034 53820
20021 20028 53840
20023 20027 53860
20023 20040 53880
20025 20026 53900
20030 20024 53920
20040 20000 53940
20054 19983 53960
20059 19967 53980
20061 19957 54000
20064 19971 54020
20057 19971 54040
20052 19977 54060
20051 19980 54080
20051 19986 54100
20050 19973 54120
20056 19958 54140
20053 19954 54160
20049 19956 54180
20037 19977 54200
20025 20005 54220
20021 20014 54240
20025 20005 54260
20027 20003 54280
20023 20000 54300
20014 20010 54320
20008 20021 54340
20006 20027 54360
20005 20024 54380
20012 20012 54400
20018 19993 54420
20018 19991 54440
20013 19997 54460
20010 19999 54480
20006 19999 54500
20009 19992 54520
20012 19979 54540
20013 19968 54560
20015 19967 54580
20018 19955 54600
20021 19946 54620
20023 19937 54640
20026 19927 54660
20026 19928 54680
20026 19924 54700
20027 19924 54720
20028 19911 54740
20033 19900 54760
20033 19876 54780
20032 19879 54800
20036 19841 54820
20037 19826 54840
20043 19809 54860
20046 19795 54880
20041 19797 54900
20033 19825 54920
20015 19870 54940
19998 19917 54960
19980 19957 54980
19961 19983 55000
19951 19991 55020
19946 19982 55040
19943 19982 55060
19941 19985 55080
19937 19986 55100
19935 19986 55120
19931 19987 55140
19927 19988 55160
19925 19993 55180
19921 20005 55200
19912 20016 55220
19901 20034 55240
19890 20036 55260
19884 20047 55280
19883 20048 55300
19882 20048 55320
19882 20045 55340
19888 20046 55360
19893 20041 55380
19900 20041 55400
19908 20039 55420
19915 20039 55440
19916 20034 55460
19917 20034 55480
19923 20033 55500
19933 20031 55520
19949 20034 55540
19964 20012 55560
19971 20011 55580
19975 20006 55600
19977 20010 55620
19979 20018 55640
19980 20021 55660
19982 20025 55680
19985 20020 55700
19991 20027 55720
19996 20023 55740
20004 20029 55760
20009 20021 55780
20012 20019 55800
20014 20016 55820
20013 20011 55840
20013 20019 55860
20011 20020 55880
20013 20018 55900
20021 20007 55920
20034 19993 55940
20047 19978 55960
20057 19964 55980
20062 19960 56000
20060 19972 56020
20057 19962 56040
20054 19967 56060
20054 19959 56080
20057 19953 56100
20067 19944 56120
20076 19930 56140
20085 19919 56160
20091 19908 56180
20098 19891 56200
20110 19878 56220
20113 19870 56240
20111 19876 56260
20105 19898 56280
20100 19906 56300
20099 19915 56320
20098 19903 56340
20098 19901 56360
20099 19888 56380
20098 19887 56400
20094 19888 56420
20087 19908 56440
20080 19924 56460
20076 19930 56480
20073 19924 56500
20072 19924 56520
20072 19929 56540
20070 19911 56560
20065 19912 56580
20060 19905 56600
20060 19902 56620
20061 19892 56640
20066 19871 56660
20065 19864 56680
20063 19855 56700
20064 19853 56720
20063 19858 56740
20057 19891 56760
20047 19910 56780
20034 19943 56800
20025 19960 56820
20017 19966 56840
20011 19982 56860
20006 19983 56880
20003 19970 56900
20003 19961 56920
20005 19951 56940
20009 19944 56960
20004 19954 56980
19999 19959 57000
19996 19967 57020
19990 19973 57040
19983 19986 57060
19977 20001 57080
19973 20017 57100
19969 20023 57120
19967 20029 57140
19957 20040 57160
19947 20050 57180
19935 20069 57200
19920 20084 57220
19912 20089 57240
19909 20087 57260
19910 20094 57280
19910 20080 57300
19911 20076 57320
19914 20071 57340
19920 20072 57360
19925 20065 57380
19930 20056 57400
19938 20039 57420
19949 20036 57440
19959 20012 57460
19974 20001 57480
19984 19990 57500
19990 19983 57520
19998 19993 57540
20007 19983 57560
20013 19979 57580
20021 19978 57600
20028 19976 57620
20029 19973 57640
20030 19971 57660
20025 19973 57680
20021 19977 57700
20016 19982 57720
20018 19983 57740
20020 19992 57760
20022 19983 57780
20021 19990 57800
20018 19994 57820
20017 19990 57840
20016 19994 57860
20012 19994 57880
20010 19991 57900
20008 19987 57920
20009 19979 57940
20015 19972 57960
20018 19966 57980
20015 19968 58000
20012 19977 58020
20014 19964 58040
20013 19975 58060
20012 19972 58080
20011 19975 58100
20012 19975 58120
20013 19978 58140
20011 19980 58160
20010 19982 58180
20007 19993 58200
20003 20008 58220
20002 20010 58240
20007 20005 58260
20019 19996 58280
20027 19978 58300
20030 19973 58320
20030 19968 58340
20034 19972 58360
20035 19970 58380
20033 19972 58400
20034 19975 58420
20038 19967 58440
20041 19960 58460
20048 19946 58480
20052 19923 58500
20057 19913 58520
20058 19913 58540
20058 19898 58560
20056 19896 58580
20057 19888 58600
20058 19874 58620
20061 19853 58640
20065 19830 58660
20065 19804 58680
20064 19783 58700
20065 19782 58720
20061 19785 58740
20061 19793 58760
20059 19797 58780
20059 19798 58800
20058 19784 58820
20057 19769 58840
20054 19768 58860
20052 19769 58880
20051 19778 58900
20047 19789 58920
20043 19786 58940
20038 19782 58960
20032 19769 58980
20029 19758 59000
20028 19773 59020
20029 19784 59040
20027 19813 59060
20028 19826 59080
20026 19850 59100
20028 19864 59120
20024 19876 59140
20019 19886 59160
20017 19903 59180
20016 19924 59200
20017 19950 59220
20019 19986 59240
20018 20013 59260
20018 20038 59280
20016 20040 59300
20014 20046 59320
20010 20051 59340
20008 20066 59360
20004 20070 59380
19999 20070 59400
19998 20056 59420
19996 20065 59440
19991 20047 59460
19987 20060 59480
19983 20072 59500
19979 20083 59520
19975 20101 59540
19973 20098 59560
19972 20105 59580
19970 20112 59600
19969 20115 59620
19969 20117 59640
19966 20121 59660
19963 20119 59680
19960 20122 59700
19956 20142 59720
19950 20170 59740
19947 20193 59760
19943 20204 59780
19943 20204 59800
19946 20196 59820
19948 20185 59840
19951 20180 59860
19956 20173 59880
19958 20159 59900
19956 20159 59920
19955 20165 59940
19955 20175 59960
19955 20183 59980
19954 20187 60000
19954 20182 60020
19953 20186 60040
19948 20182 60060
19953 20178 60080
19953 20175 60100
19953 20173 60120
19953 20171 60140
19956 20161 60160
19961 20153 60180
19965 20142 60200
19967 20132 60220
19969 20132 60240
19968 20139 60260
19961 20157 60280
19956 20157 60300
19953 20165 60320
19952 20152 60340
19955 20148 60360
19955 20144 60380
19957 20136 60400
19963 20128 60420
19969 20121 60440
19976 20113 60460
19980 20103 60480
19983 20105 60500
19990 20085 60520
19998 20082 60540
20005 20053 60560
20011 20040 60580
20020 20031 60600
20027 20017 60620
20031 19998 60640
20037 19983 60660
20043 19970 60680
20048 19957 60700
20051 19941 60720
20052 19933 60740
20049 19931 60760
20044 19934 60780
20042 19944 60800
20040 19937 60820
20040 19948 60840
20040 19947 60860
20043 19942 60880
20044 19931 60900
20045 19931 60920
20043 19935 60940
20044 19939 60960
20046 19933 60980
20049 19919 61000
20051 19909 61020
20059 19895 61040
20061 19883 61060
20062 19871 61080
20062 19861 61100
20060 19861 61120
20058 19867 61140
20057 19878 61160
20059 19885 61180
20055 19891 61200
20052 19895 61220
20050 19899 61240
20050 19907 61260
20048 19924 61280
20046 19926 61300
20047 19943 61320
20043 19968 61340
20040 19984 61360
20036 19996 61380
20029 20005 61400
20026 19993 61420
20028 19982 61440
20027 19962 61460
20028 19936 61480
20030 19916 61500
20029 19891 61520
20027 19881 61540
20024 19882 61560
20023 19899 61580
20020 19908 61600
20015 19930 61620
20010 19945 61640
20008 19954 61660
20011 19941 61680
20008 19928 61700
20009 19915 61720
20006 19919 61740
20001 19945 61760
19996 19974 61780
19993 20012 61800
19985 20047 61820
19981 20070 61840
19979 20076 61860
19981 20069 61880
19979 20067 61900
19978 20066 61920
19975 20058 61940
19974 20056 61960
19977 20069 61980
19975 20087 62000
19967 20124 62020
19957 20128 62040
19959 20136 62060
19961 20127 62080
19962 20121 62100
19963 20111 62120
19964 20103 62140
19964 20103 62160
19960 20099 62180
19963 20091 62200
19966 20082 62220
19967 20078 62240
19961 20081 62260
19957 20093 62280
19952 20099 62300
19951 20103 62320
19953 20091 62340
19956 20085 62360
19963 20078 62380
19966 20083 62400
19970 20093 62420
19970 20112 62440
19962 20140 62460
19950 20161 62480
19937 20178 62500
19927 20191 62520
19917 20214 62540
19907 20211 62560
19900 20216 62580
19898 20206 62600
19901 20195 62620
19909 20186 62640
19926 20166 62660
19944 20143 62680
19963 20114 62700
19976 20098 62720
19977 20093 62740
19968 20107 62760
19958 20111 62780
19947 20132 62800
19940 20126 62820
19942 20129 62840
19955 20122 62860
19971 20105 62880
19987 20092 62900
20002 20073 62920
20013 20058 62940
20018 20044 62960
20018 20043 62980
20015 20053 63000
20009 20053 63020
20010 20052 63040
20017 20041 63060
20028 20024 63080
20036 20012 63100
20042 20006 63120
20048 19997 63140
20055 19985 63160
20056 19970 63180
20062 19955 63200
20066 19943 63220
20071 19936 63240
20072 19927 63260
20071 19921 63280
20074 19906 63300
20072 19911 63320
20067 19912 63340
20061 19929 63360
20055 19939 63380
20050 19945 63400
20056 19909 63420
20062 19890 63440
20068 19865 63460
20070 19850 63480
20071 19835 63500
20075 19807 63520
20078 19794 63540
20078 19766 63560
20075 19782 63580
20070 19787 63600
20067 19801 63620
20065 19805 63640
20064 19797 63660
20062 19783 63680
20062 19767 63700
20061 19761 63720
20059 19747 63740
20057 19746 63760
20053 19728 63780
20051 19740 63800
20048 19748 63820
20045 19777 63840
20041 19820 63860
20036 19831 63880
20038 19826 63900
20036 19821 63920
20032 19814 63940
20027 19822 63960
20028 19831 63980
20027 19848 64000
20028 19864 64020
20026 19885 64040
20022 19901 64060
20019 19916 64080
20017 19930 64100
20014 19939 64120
20010 19974 64140
20004 20005 64160
19997 20028 64180
19993 20042 64200
19988 20049 64220
19984 20054 64240
19978 20062 64260
19974 20079 64280
19970 20086 64300
19965 20099 64320
19957 20109 64340
19952 20107 64360
19951 20092 64380
19952 20076 64400
19956 20064 64420
19957 20061 64440
19956 20058 64460
19954 20068 64480
19953 20081 64500
19948 20102 64520
19948 20119 64540
19945 20133 64560
19948 20136 64580
19951 20121 64600
19952 20122 64620
19948 20124 64640
19944 20137 64660
19935 20157 64680
19927 20164 64700
19928 20157 64720
19934 20146 64740
19939 20133 64760
19946 20115 64780
19952 20109 64800
19953 20108 64820
19950 20108 64840
19950 20113 64860
19947 20129 64880
19940 20138 64900
19940 20137 64920
19940 20137 64940
19944 20123 64960
19947 20118 64980
19951 20107 65000
19954 20105 65020
19955 20097 65040
19952 20108 65060
19950 20105 65080
19939 20114 65100
19932 20123 65120
19928 20121 65140
19931 20109 65160
19941 20095 65180
19955 20078 65200
19964 20069 65220
19970 20066 65240
19975 20051 65260
19969 20065 65280
19969 20061 65300
19964 20062 65320
19972 20063 65340
19979 20070 65360
19993 20063 65380
20003 20036 65400
19999 20001 65420
19996 19963 65440
20000 19954 65460
19999 19961 65480
20001 19988 65500
20007 20013 65520
20011 20050 65540
20029 20051 65560
20042 20026 65580
20031 19979 65600
20020 19935 65620
19998 19927 65640
19981 19940 65660
19977 19979 65680
19960 20044 65700
19933 20095 65720
19912 20090 65740
19914 20057 65760
19931 20014 65780
19945 20007 65800
19948 20043 65820
19939 20076 65840
19928 20082 65860
19927 20059 65880
19946 20021 65900
19972 19987 65920
19991 19980 65940
19993 19992 65960
19981 20025 65980
19970 20047 66000
19972 20064 66020
19987 20048 66040
20009 20036 66060
20021 20025 66080
20018 20030 66100
20003 20043 66120
19991 20050 66140
19990 20045 66160
19996 20036 66180
20012 20025 66200
20027 20017 66220
20038 20003 66240
20048 19989 66260
20056 19984 66280
20059 19975 66300
20068 19970 66320
20085 19951 66340
20102 19920 66360
20111 19905 66380
20114 19904 66400
20114 19892 66420
20114 19894 66440
20110 19901 66460
20105 19907 66480
20108 19903 66500
20118 19872 66520
20127 19837 66540
20130 19821 66560
20116 19848 66580
20086 19886 66600
20063 19928 66620
20045 19957 66640
20030 19980 66660
20019 19997 66680
20018 19990 66700
20030 19965 66720
20047 19929 66740
20058 19899 66760
20064 19876 66780
20066 19866 66800
20067 19863 66820
20064 19863 66840
20065 19876 66860
20062 19893 66880
20059 19899 66900
20051 19898 66920
20048 19907 66940
20043 19922 66960
20038 19945 66980
20027 19976 67000
20007 20018 67020
19987 20053 67040
19969 20086 67060
19949 20112 67080
19938 20126 67100
19940 20120 67120
19948 20112 67140
19953 20102 67160
19960 20089 67180
19965 20082 67200
19955 20098 67220
19942 20116 67240
19942 20120 67260
19955 20116 67280
19984 20062 67300
20014 20022 67320
20036 19997 67340
20036 20005 67360
20032 20024 67380
20023 20045 67400
20020 20048 67420
20024 20047 67440
20028 20044 67460
20035 20031 67480
20041 20019 67500
20042 20006 67520
20043 20002 67540
20046 19988 67560
20055 19956 67580
20062 19942 67600
20062 19935 67620
20053 19958 67640
20025 20003 67660
19996 20043 67680
19978 20054 67700
19992 20029 67720
20010 19997 67740
20027 19977 67760
20037 19965 67780
20031 19983 67800
20013 19995 67820
19998 20010 67840
19992 20005 67860
19998 19994 67880
20008 19969 67900
20013 19955 67920
20005 19963 67940
19990 19977 67960
19975 19993 67980
19966 19997 68000
19978 19993 68020
20000 19957 68040
20021 19934 68060
20028 19932 68080
20011 19959 68100
19986 19994 68120
19959 20021 68140
19938 20031 68160
19937 20030 68180
19954 20002 68200
19969 19984 68220
19973 19982 68240
19956 19991 68260
19930 20015 68280
19912 20028 68300
19909 20032 68320
19919 20019 68340
19930 20004 68360
19934 20000 68380
19929 20003 68400
19915 20013 68420
19903 20017 68440
19905 20023 68460
19915 20009 68480
19932 20003 68500
19947 19981 68520
19940 19971 68540
19923 19989 68560
19910 19986 68580
19909 19988 68600
19924 19987 68620
19940 19980 68640
19947 19973 68660
19949 19979 68680
19951 19992 68700
19960 20008 68720
19974 19991 68740
19993 19991 68760
20006 19978 68780
20005 19976 68800
19990 19977 68820
19971 19982 68840
19957 19998 68860
19958 20005 68880
19972 19998 68900
19993 19986 68920
20000 19984 68940
19990 19999 68960
19967 20022 68980
19948 20035 69000
19943 20053 69020
19953 20048 69040
19971 20047 69060
19990 20042 69080
20003 20041 69100
20013 20044 69120
20026 20043 69140
20041 20036 69160
20058 20023 69180
20076 20005 69200
20087 19995 69220
20094 19998 69240
20098 19984 69260
20112 19986 69280
20125 19961 69300
20141 19938 69320
20153 19913 69340
20165 19893 69360
20171 19869 69380
20178 19867 69400
20177 19855 69420
20176 19856 69440
20170 19867 69460
20163 19865 69480
20160 19860 69500
20163 19851 69520
20167 19831 69540
20170 19805 69560
20170 19797 69580
20165 19775 69600
20152 19803 69620
20139 19843 69640
20124 19868 69660
20113 19887 69680
20107 19889 69700
20107 19881 69720
20105 19866 69740
20109 19850 69760
20108 19830 69780
20106 19826 69800
20101 19823 69820
20097 19833 69840
20091 19848 69860
20083 19857 69880
20078 19849 69900
20076 19830 69920
20075 19825 69940
20072 19816 69960
20071 19808 69980
20067 19796 70000
