20030 19999 20
20002 19994 40
19993 20000 60
20003 19999 80
19997 20001 100
20002 20004 120
20016 20003 140
20009 19997 160
19997 19996 180
19999 20000 200
20005 20005 220
20011 20013 240
20034 20006 260
20018 20018 280
20036 20008 300
20003 20017 320
19999 20007 340
20009 20002 360
19993 19997 380
19985 20000 400
19989 19998 420
19984 19998 440
19986 20006 460
20002 20006 480
20009 20008 500
20003 19998 520
19992 19995 540
19983 19996 560
19989 19995 580
19986 19993 600
19985 19993 620
19985 19994 640
19985 19996 660
19987 19999 680
19986 19996 700
19994 19997 720
19996 19998 740
19992 19998 760
19993 19998 780
19995 19999 800
19995 20000 820
19992 20001 840
19995 20001 860
19994 20002 880
19995 20003 900
19998 20002 920
19999 20001 940
19995 20001 960
20000 20001 980
19995 20000 1000
19998 20002 1020
20000 20004 1040
20000 20003 1060
20001 20003 1080
20002 20001 1100
20003 19999 1120
20004 20001 1140
19997 19999 1160
20000 20001 1180
20012 20004 1200
20005 20003 1220
20002 20003 1240
19996 20002 1260
19990 20003 1280
19998 20000 1300
19995 20002 1320
19997 20004 1340
19998 20004 1360
20000 20002 1380
19995 20004 1400
19995 20003 1420
19997 20006 1440
20003 20003 1460
19997 20002 1480
19994 20001 1500
19996 20004 1520
20007 20013 1540
20019 20024 1560
20048 20013 1580
20013 20021 1600
20034 20014 1620
20011 20006 1640
19998 20004 1660
19995 20002 1680
19994 20000 1700
19989 20001 1720
19989 20001 1740
19989 20003 1760
19992 20002 1780
19992 20002 1800
19996 19999 1820
19996 20001 1840
19997 20001 1860
19992 20002 1880
19992 20001 1900
19992 20003 1920
20004 20001 1940
19994 20000 1960
19994 20000 1980
19994 20001 2000
20000 20001 2020
19996 20001 2040
19996 20001 2060
19995 20003 2080
19999 20002 2100
19992 20004 2120
20006 20010 2140
20012 20009 2160
20007 20008 2180
20009 20015 2200
20018 20015 2220
20024 20019 2240
20044 20012 2260
20018 20012 2280
20024 20010 2300
20014 20009 2320
20015 20010 2340
20004 20005 2360
20004 20008 2380
20003 20000 2400
19990 19997 2420
19977 19998 2440
19985 20001 2460
19986 20003 2480
19992 20011 2500
20003 20019 2520
20030 20014 2540
20012 20011 2560
20012 20010 2580
20008 20003 2600
20016 20009 2620
20008 20012 2640
20018 20009 2660
20011 20008 2680
20008 20008 2700
20007 20008 2720
20010 20008 2740
20007 20003 2760
19993 20000 2780
19997 19999 2800
19988 19997 2820
19986 19999 2840
19981 19999 2860
19983 20000 2880
19983 19998 2900
19985 19998 2920
19983 20000 2940
19983 19999 2960
19996 19997 2980
19985 19999 3000
19985 20004 3020
19988 20004 3040
19992 20003 3060
19992 20002 3080
19994 20004 3100
19992 20007 3120
19993 20000 3140
19997 20003 3160
19996 20006 3180
20006 20005 3200
20003 20014 3220
20024 20014 3240
20024 20016 3260
20019 20009 3280
20013 20000 3300
19994 20000 3320
19992 20002 3340
19991 20005 3360
19998 20012 3380
20009 20012 3400
20013 20012 3420
20019 20011 3440
19999 20006 3460
19995 19995 3480
19999 19998 3500
19993 19996 3520
19999 19996 3540
19994 19996 3560
19993 19996 3580
19992 19997 3600
19994 19996 3620
19991 19996 3640
19993 19996 3660
19995 19998 3680
19992 19997 3700
20000 20000 3720
19996 20001 3740
20006 20002 3760
19997 20001 3780
19996 20000 3800
19991 20001 3820
19993 20001 3840
19996 19999 3860
20008 19999 3880
19991 20000 3900
19994 20001 3920
19989 20001 3940
19990 20007 3960
20003 20002 3980
20000 20003 4000
19997 20003 4020
19994 20003 4040
19997 20001 4060
19994 20004 4080
20012 20012 4100
20016 20005 4120
19999 20003 4140
20001 20004 4160
20002 20002 4180
19997 20003 4200
20002 20012 4220
20023 20011 4240
20021 20014 4260
20030 20003 4280
20002 20000 4300
19993 20002 4320
20003 20008 4340
20013 20021 4360
20046 20013 4380
20023 20017 4400
20043 20011 4420
20024 20016 4440
20039 20011 4460
20021 20018 4480
20042 20012 4500
20017 20017 4520
20036 20008 4540
20019 20012 4560
20025 20004 4580
20009 20007 4600
20012 20006 4620
20009 20004 4640
20012 20007 4660
20008 19999 4680
20002 20005 4700
20006 19996 4720
19983 19991 4740
19969 19992 4760
19970 19991 4780
19972 19997 4800
19982 19997 4820
19978 20011 4840
20008 20010 4860
20000 20016 4880
20023 20006 4900
20000 20003 4920
20009 20004 4940
19999 20007 4960
20013 20003 4980
19996 19995 5000
19974 19992 5020
19973 19995 5040
19980 19992 5060
19975 19995 5080
19980 19994 5100
19981 19995 5120
19976 19995 5140
19982 19998 5160
19987 19996 5180
19996 19995 5200
19992 19995 5220
19994 19994 5240
19990 19994 5260
19988 19998 5280
20003 20004 5300
19998 20003 5320
20030 20011 5340
20009 20009 5360
20016 19996 5380
19991 20002 5400
19993 20002 5420
19993 20017 5440
20031 20006 5460
20006 20006 5480
20014 20012 5500
20010 20000 5520
19988 19996 5540
19980 19995 5560
19984 19993 5580
19982 19996 5600
19982 19994 5620
19982 19996 5640
19990 20001 5660
20009 20009 5680
20031 20002 5700
20004 19995 5720
19995 19998 5740
19998 20004 5760
20009 20009 5780
20011 20006 5800
20002 20015 5820
20019 20005 5840
20001 19999 5860
19996 20000 5880
19999 19997 5900
20005 20000 5920
19999 20005 5940
19996 19998 5960
20008 20001 5980
19989 20003 6000
19992 20002 6020
19995 19999 6040
20000 20004 6060
19990 20003 6080
20005 20004 6100
19995 20006 6120
19999 20005 6140
19992 20011 6160
19999 20004 6180
20003 20006 6200
19997 20003 6220
19999 20003 6240
19997 20002 6260
19999 20001 6280
19998 20002 6300
19996 20003 6320
19996 20003 6340
19994 20004 6360
19997 20004 6380
19995 20007 6400
20003 20003 6420
19997 20000 6440
20011 20001 6460
19998 20006 6480
20008 20003 6500
20007 20008 6520
20023 20012 6540
20021 20005 6560
20005 20000 6580
20002 20000 6600
19996 20001 6620
20001 20001 6640
19996 19999 6660
19994 20000 6680
19994 19999 6700
20010 20005 6720
19994 20006 6740
19997 20005 6760
20012 20008 6780
20001 20008 6800
20030 20010 6820
20011 20006 6840
20011 20000 6860
19995 20004 6880
20004 19998 6900
19998 20001 6920
20005 20004 6940
20012 20013 6960
20028 20011 6980
20021 20007 7000
20020 20012 7020
20020 20001 7040
20000 20001 7060
19993 19999 7080
19993 20002 7100
19990 20001 7120
19995 20004 7140
20005 20003 7160
20010 20004 7180
20006 20001 7200
20001 19997 7220
20000 20000 7240
19994 20000 7260
19996 19999 7280
19994 19999 7300
19996 20001 7320
20005 20000 7340
19999 20006 7360
20017 20006 7380
20012 20001 7400
19992 20000 7420
19997 20002 7440
20001 20001 7460
19997 20000 7480
19994 20002 7500
19995 20004 7520
20004 20003 7540
19997 19999 7560
19992 19998 7580
19992 19999 7600
19991 19996 7620
19995 19996 7640
19994 19997 7660
19992 19999 7680
20007 20001 7700
20007 20000 7720
20003 20001 7740
20007 20001 7760
20007 20000 7780
20005 20000 7800
20007 20002 7820
20005 20005 7840
20004 20001 7860
19994 20001 7880
20004 20003 7900
19991 20002 7920
19997 20004 7940
19994 20005 7960
20000 20003 7980
19995 20005 8000
20006 20011 8020
20011 20013 8040
20032 20013 8060
20017 20005 8080
20005 20000 8100
19997 20001 8120
19997 20002 8140
19995 20002 8160
19998 20001 8180
19996 20002 8200
20002 20006 8220
20004 20008 8240
20009 20008 8260
20006 20008 8280
20015 20010 8300
20011 20004 8320
19999 20000 8340
19987 20000 8360
19989 20000 8380
19991 20007 8400
20005 20001 8420
19998 19998 8440
19992 19999 8460
19992 20000 8480
19992 20000 8500
19996 20000 8520
20000 20002 8540
20000 20002 8560
20003 20003 8580
20002 20006 8600
20021 20015 8620
20022 20020 8640
20040 20013 8660
20022 20003 8680
19998 20001 8700
19998 20001 8720
19995 19999 8740
19996 19999 8760
19990 19999 8780
19994 19999 8800
19994 19999 8820
19997 19999 8840
19994 20000 8860
19998 20000 8880
19999 19999 8900
19999 20000 8920
19999 20002 8940
19999 20003 8960
20002 20002 8980
20001 20000 9000
20004 20001 9020
20000 20001 9040
20008 19999 9060
20001 20002 9080
20000 20001 9100
19995 20003 9120
20003 20002 9140
19999 20003 9160
19996 20001 9180
20002 20002 9200
19991 20001 9220
20000 20003 9240
19994 20006 9260
19997 20005 9280
19994 20006 9300
19995 20004 9320
19995 20004 9340
19992 20007 9360
20000 20003 9380
19997 20003 9400
20001 20004 9420
19997 20002 9440
20004 20002 9460
19998 20005 9480
19999 20003 9500
20003 20005 9520
20008 20004 9540
20004 20004 9560
20003 20003 9580
20002 20006 9600
20003 20005 9620
20001 20006 9640
20002 20005 9660
20001 20005 9680
20001 20005 9700
19999 20005 9720
20011 20010 9740
20016 20005 9760
20006 20005 9780
20001 20004 9800
20001 20004 9820
20005 20005 9840
20001 20002 9860
20001 20002 9880
20002 20001 9900
20000 20002 9920
20007 20002 9940
19995 20003 9960
20001 20003 9980
20002 20003 10000
20005 19999 10020
20000 19999 10040
20003 20000 10060
20000 20003 10080
20017 20003 10100
20006 20004 10120
20003 20004 10140
20002 20004 10160
20004 20003 10180
20006 20010 10200
20016 20003 10220
20006 20005 10240
20006 20003 10260
20002 20022 10280
20054 20005 10300
20010 20005 10320
20005 20000 10340
20002 19998 10360
19996 20000 10380
19995 20002 10400
20003 20000 10420
19998 20003 10440
20009 20004 10460
20003 20005 10480
20004 20005 10500
20001 20004 10520
20005 20007 10540
20008 20008 10560
20016 20005 10580
20001 20000 10600
19998 20002 10620
19998 20002 10640
19993 20003 10660
19996 20001 10680
20000 20001 10700
19997 19999 10720
19998 19999 10740
19998 19998 10760
19995 20000 10780
20001 20002 10800
20002 20000 10820
20001 19998 10840
19998 19998 10860
19996 19999 10880
20003 19999 10900
19999 20001 10920
20003 19999 10940
20001 20001 10960
20001 19999 10980
20001 19998 11000
19999 19999 11020
20000 19999 11040
20001 19997 11060
20000 20004 11080
20022 20016 11100
20030 20003 11120
20008 19999 11140
20006 20002 11160
20007 20000 11180
20004 20000 11200
20001 19999 11220
20006 19999 11240
19997 20001 11260
19997 20004 11280
20008 20003 11300
19997 20005 11320
20001 20002 11340
19997 20006 11360
20005 20006 11380
20003 20002 11400
20004 20002 11420
20001 20002 11440
20004 20003 11460
19997 20002 11480
20000 20002 11500
19990 20009 11520
20004 20002 11540
19999 20001 11560
19995 20001 11580
19998 20001 11600
20004 19997 11620
19998 20002 11640
20002 20001 11660
20005 20006 11680
20017 20005 11700
20003 20006 11720
20007 20006 11740
20000 20010 11760
20006 20002 11780
19997 20007 11800
20012 20002 11820
19993 20004 11840
19999 20003 11860
19995 20007 11880
19995 20003 11900
19988 20004 11920
19994 20003 11940
19992 20002 11960
20005 20002 11980
20000 20008 12000
20007 20007 12020
20001 20007 12040
20005 20005 12060
19999 20011 12080
20009 20008 12100
19997 20010 12120
20011 20009 12140
20008 20011 12160
20012 20004 12180
19998 20003 12200
19994 20004 12220
19997 20007 12240
20001 20005 12260
19996 20006 12280
19995 20006 12300
20003 20009 12320
19991 20009 12340
19994 20008 12360
19996 20005 12380
19996 20006 12400
20006 20003 12420
19997 20002 12440
20006 20004 12460
20002 20007 12480
20005 20006 12500
20001 20003 12520
19997 20003 12540
19996 20002 12560
19989 20002 12580
19995 19997 12600
19993 19999 12620
20006 20001 12640
20000 20000 12660
20011 20005 12680
20005 20004 12700
20001 20004 12720
20004 20004 12740
20009 20002 12760
20007 20001 12780
20008 20001 12800
20002 20000 12820
20000 20001 12840
20002 20003 12860
20002 20005 12880
20009 20001 12900
20002 20002 12920
19993 20001 12940
20001 20002 12960
20003 20003 12980
20008 20002 13000
20007 20002 13020
20007 20001 13040
20008 20002 13060
20009 20002 13080
20006 20003 13100
20007 20007 13120
20009 20003 13140
20015 20000 13160
20007 19999 13180
20006 19997 13200
20006 19998 13220
20001 19999 13240
20000 20003 13260
19999 20002 13280
19998 20001 13300
20000 20001 13320
19996 20000 13340
20001 20001 13360
20002 20001 13380
19999 20001 13400
20006 20001 13420
20006 20002 13440
20002 20000 13460
20005 20001 13480
20004 20002 13500
20009 20002 13520
20012 20003 13540
20011 20003 13560
20011 20003 13580
20010 20007 13600
20021 20008 13620
20019 20010 13640
20003 20009 13660
19999 20007 13680
20002 20007 13700
20001 20005 13720
20003 20002 13740
20004 20002 13760
20005 20002 13780
20005 19999 13800
20004 19999 13820
20004 20015 13840
20051 20009 13860
20033 20006 13880
20030 20002 13900
20015 20003 13920
20003 19999 13940
20002 19999 13960
19999 19995 13980
20002 19995 14000
20002 19998 14020
20003 20005 14040
20000 20006 14060
19996 20005 14080
19998 20002 14100
20000 20002 14120
19999 20004 14140
19999 20008 14160
19990 20012 14180
19993 20013 14200
19993 20018 14220
19982 20018 14240
19988 20017 14260
19983 20016 14280
19987 20017 14300
19987 20018 14320
19988 20019 14340
19990 20019 14360
19991 20017 14380
19989 20021 14400
19995 20019 14420
19990 20019 14440
19997 20016 14460
19995 20018 14480
20000 20011 14500
19996 20010 14520
19993 20006 14540
19996 20006 14560
19998 20005 14580
19994 20003 14600
19997 20008 14620
19998 20006 14640
20002 20007 14660
19993 20008 14680
20010 20006 14700
20002 20008 14720
20008 20004 14740
20005 20008 14760
20007 20002 14780
19998 20004 14800
20000 19999 14820
19995 19999 14840
19996 19996 14860
19995 20002 14880
20004 20003 14900
20002 20006 14920
20000 20005 14940
19993 20007 14960
19994 20009 14980
19992 20009 15000
19994 20009 15020
19991 20006 15040
19992 20007 15060
19988 20007 15080
19991 20006 15100
19991 20007 15120
19995 20005 15140
19993 20004 15160
19993 20004 15180
20001 20002 15200
19995 20003 15220
19996 20001 15240
19992 20003 15260
19992 20006 15280
19996 20006 15300
19993 20008 15320
19995 20009 15340
19994 20009 15360
19999 20008 15380
19995 20005 15400
19993 20006 15420
19995 20003 15440
19999 20005 15460
19992 20004 15480
19995 20007 15500
19997 20008 15520
20000 20007 15540
19996 20007 15560
20007 20006 15580
19994 20010 15600
20001 20006 15620
19991 20005 15640
19991 20004 15660
20004 20003 15680
19997 20002 15700
20006 20002 15720
20003 19999 15740
20004 20000 15760
20004 20000 15780
20001 20002 15800
20003 19999 15820
20002 20005 15840
20008 20003 15860
20004 20003 15880
20001 20004 15900
19999 20000 15920
20012 20003 15940
19998 20000 15960
20008 20000 15980
19998 20001 16000
20009 19999 16020
20003 19997 16040
20002 19998 16060
20002 19998 16080
20007 20001 16100
20001 20000 16120
20004 20001 16140
20013 20017 16160
20048 20014 16180
20035 20021 16200
20053 20012 16220
20025 20018 16240
20044 20011 16260
20024 20020 16280
20047 20009 16300
20023 20015 16320
20040 20001 16340
20008 20005 16360
20011 20000 16380
20002 20002 16400
20018 19996 16420
19996 19993 16440
19997 19998 16460
19999 20009 16480
20030 20005 16500
20008 20008 16520
20020 20004 16540
20005 20006 16560
20004 19992 16580
19985 19996 16600
20006 19997 16620
20008 19997 16640
20014 19995 16660
20014 19996 16680
20007 19988 16700
20001 19992 16720
20006 19988 16740
19991 19994 16760
20006 19991 16780
19991 19992 16800
19991 19991 16820
19987 19994 16840
19987 19996 16860
19989 20000 16880
19991 20000 16900
19992 20007 16920
20003 19996 16940
19994 19996 16960
19993 19993 16980
19989 19996 17000
20007 20000 17020
20006 20005 17040
20016 20000 17060
20001 20003 17080
20017 19991 17100
19996 19990 17120
20002 19988 17140
20006 19991 17160
20017 19992 17180
20011 19995 17200
20021 19990 17220
20007 19993 17240
20011 19991 17260
20003 19991 17280
20012 19987 17300
19998 19988 17320
19994 19990 17340
19992 19992 17360
20000 19995 17380
20004 20012 17400
20042 20002 17420
20016 20012 17440
20050 20004 17460
20016 20009 17480
20032 19999 17500
20012 20001 17520
20016 19991 17540
19995 19990 17560
19994 19992 17580
19993 19996 17600
20005 20001 17620
20006 20004 17640
20018 20001 17660
20011 19999 17680
20007 19994 17700
19990 19992 17720
19989 19994 17740
19990 19999 17760
19993 20001 17780
19990 20001 17800
19987 19998 17820
19985 19997 17840
19984 19997 17860
19982 19998 17880
19987 19999 17900
19986 20003 17920
19985 20003 17940
19981 20003 17960
19985 20002 17980
19981 20004 18000
19986 20002 18020
19985 20002 18040
19984 19999 18060
19984 19999 18080
19982 19997 18100
19979 20000 18120
19990 20000 18140
20005 20003 18160
19997 20004 18180
19999 20005 18200
19995 20005 18220
19993 20002 18240
19998 19999 18260
19995 19997 18280
20001 19997 18300
20002 20004 18320
20007 20004 18340
20007 20006 18360
20008 20004 18380
20000 20002 18400
20003 19999 18420
19998 19998 18440
20010 20001 18460
20003 20005 18480
20008 20004 18500
20002 20004 18520
20005 20002 18540
20006 19997 18560
20006 19996 18580
20009 19995 18600
20006 19994 18620
20014 19998 18640
20014 19999 18660
20015 20003 18680
20009 20006 18700
20008 20007 18720
20009 20005 18740
19999 20004 18760
20002 20004 18780
20002 20001 18800
19998 20005 18820
19998 20004 18840
20002 20005 18860
20005 20008 18880
20006 20005 18900
20006 20006 18920
20006 20005 18940
20000 20007 18960
20005 20003 18980
20003 20005 19000
20001 20005 19020
19996 20004 19040
20001 20007 19060
19999 20008 19080
20002 20009 19100
19996 20011 19120
20002 20007 19140
20002 20007 19160
19995 20004 19180
20002 20005 19200
19994 20003 19220
19996 20007 19240
20003 20006 19260
20003 20011 19280
20007 20008 19300
19998 20012 19320
20007 20009 19340
20001 20007 19360
20003 20003 19380
19990 20002 19400
19995 19999 19420
19997 20000 19440
19998 20000 19460
19995 20000 19480
19999 20002 19500
19999 20006 19520
20013 20002 19540
20004 20000 19560
20013 19999 19580
19998 20005 19600
20012 20005 19620
20003 20005 19640
20005 20004 19660
19999 20011 19680
20007 20006 19700
19999 20006 19720
20001 20003 19740
20001 20001 19760
19996 19999 19780
20001 19998 19800
20001 19998 19820
19997 20001 19840
20004 20000 19860
20004 20001 19880
20001 20002 19900
20003 20002 19920
20001 20001 19940
19999 20000 19960
20000 19999 19980
19997 19999 20000
19988 19993 20
20008 19994 40
19999 19996 60
19999 19995 80
19995 19997 100
19997 19998 120
19995 19998 140
19996 20002 160
19999 19999 180
19994 20000 200
19996 20000 220
19993 20004 240
19994 20003 260
19997 20005 280
20012 20000 300
20000 20003 320
20001 20000 340
19996 20001 360
19998 20003 380
19996 20005 400
19999 20002 420
19995 20000 440
19996 19999 460
19996 20002 480
20000 20001 500
19997 20002 520
20001 20003 540
19998 20005 560
19998 20004 580
20000 20008 600
20016 20006 620
20020 20006 640
20021 20002 660
20014 20007 680
20016 20004 700
20014 20005 720
20014 20004 740
20019 20002 760
20014 20001 780
20016 20000 800
20021 20002 820
20014 19999 840
20016 20001 860
20010 20001 880
20013 20002 900
20006 20003 920
20009 20004 940
20003 20009 960
20014 20004 980
20008 20003 1000
20008 20000 1020
20003 20003 1040
20011 20002 1060
20011 20002 1080
20005 20000 1100
20007 20001 1120
20014 19997 1140
20020 19999 1160
20009 19996 1180
20011 20001 1200
20012 20000 1220
20009 20002 1240
20005 20001 1260
20006 20004 1280
20006 20007 1300
19995 20008 1320
20003 20009 1340
19994 20010 1360
20002 20007 1380
20002 20006 1400
20002 20006 1420
20004 20007 1440
20005 20006 1460
19999 20006 1480
20000 20006 1500
20007 20010 1520
20003 20013 1540
20011 20013 1560
20010 20010 1580
20018 20011 1600
20019 20008 1620
20014 20014 1640
20021 20019 1660
20025 20012 1680
20013 20009 1700
20009 20003 1720
20000 20009 1740
20021 20007 1760
20018 20004 1780
20005 20006 1800
20010 20009 1820
20013 20005 1840
20015 20009 1860
20019 20001 1880
20014 20003 1900
20013 19997 1920
20005 19994 1940
19993 19997 1960
19998 19998 1980
19998 20005 2000
20006 20002 2020
19998 20006 2040
20005 20003 2060
20006 20007 2080
20009 20003 2100
20002 20006 2120
20005 20004 2140
20005 20009 2160
20010 20003 2180
19997 20007 2200
20006 20006 2220
20001 20015 2240
20023 20008 2260
20002 20006 2280
20003 20007 2300
20006 20004 2320
19998 19999 2340
19996 20000 2360
19999 20000 2380
19993 20006 2400
20009 19999 2420
19991 20005 2440
19999 20003 2460
19990 20003 2480
19995 20001 2500
20001 19997 2520
20006 20000 2540
19996 20008 2560
20003 20000 2580
19995 20000 2600
19993 20007 2620
19994 19999 2640
20009 20001 2660
19987 20000 2680
19995 19998 2700
19991 20001 2720
19994 19998 2740
19995 19999 2760
19990 20001 2780
19992 20007 2800
19992 20006 2820
19988 20004 2840
19989 20005 2860
19998 20004 2880
20003 19997 2900
19985 19999 2920
20008 19999 2940
20004 20004 2960
20020 20004 2980
20030 19999 3000
20028 19995 3020
20001 20003 3040
20011 20000 3060
19993 20005 3080
19995 20001 3100
19991 20003 3120
19996 20002 3140
19991 20003 3160
19997 19999 3180
19997 19997 3200
20013 19991 3220
20012 19992 3240
20005 19990 3260
20006 19994 3280
20015 19994 3300
20006 19998 3320
19999 20004 3340
19996 20012 3360
20009 20009 3380
20001 20008 3400
19996 20009 3420
19991 20009 3440
19999 20007 3460
20006 20008 3480
20010 20008 3500
20011 20015 3520
20021 20013 3540
20013 20013 3560
20014 20006 3580
20012 20002 3600
20014 19997 3620
20012 19997 3640
20023 19997 3660
20025 19997 3680
20027 20003 3700
20037 20008 3720
20044 20001 3740
20026 19999 3760
20033 19993 3780
20033 19989 3800
20027 19988 3820
20027 19990 3840
20032 19989 3860
20022 19993 3880
20018 19995 3900
20017 20009 3920
19992 19985 3940
20039 20002 3960
19991 20002 3980
20015 19983 4000
20035 19998 4020
20032 19984 4040
20044 19993 4060
20025 20004 4080
20021 20003 4100
20000 20007 4120
19988 20002 4140
19996 20009 4160
19992 20006 4180
20002 20003 4200
19998 20002 4220
19996 20008 4240
19997 20018 4260
19970 20019 4280
19974 20017 4300
19973 20017 4320
19985 20012 4340
19968 20011 4360
19965 20015 4380
19954 20012 4400
19972 20008 4420
19968 20014 4440
19960 20014 4460
19980 20022 4480
19974 20021 4500
19975 20023 4520
19962 20019 4540
19980 20015 4560
20001 20013 4580
20005 20010 4600
20015 20012 4620
20015 20003 4640
20007 20001 4660
19993 20003 4680
19988 20000 4700
20002 20001 4720
20008 20001 4740
20003 20002 4760
20006 19999 4780
20002 19997 4800
20010 20000 4820
20003 20005 4840
19995 20009 4860
19985 20012 4880
19979 20008 4900
19979 20006 4920
19983 20002 4940
19988 20001 4960
19993 20000 4980
19999 20006 5000
20015 20005 5020
20000 20013 5040
19999 20011 5060
19994 20009 5080
19994 20008 5100
19995 20009 5120
20000 20009 5140
19989 20014 5160
20003 20017 5180
20004 20019 5200
20011 20016 5220
19999 20017 5240
20016 20012 5260
19997 20012 5280
20001 20005 5300
19992 20007 5320
20008 20005 5340
20003 20006 5360
20005 20008 5380
20003 20009 5400
20017 20006 5420
20006 20002 5440
20005 20005 5460
20028 19998 5480
20009 19999 5500
19996 20014 5520
20044 20025 5540
20040 20024 5560
20034 20030 5580
20037 20026 5600
20035 20031 5620
20039 20028 5640
20033 20033 5660
20028 20021 5680
20029 20013 5700
20017 20015 5720
20023 20009 5740
19993 20010 5760
19996 20007 5780
19996 20003 5800
19981 20000 5820
19975 20003 5840
19977 20004 5860
19980 20004 5880
19987 20000 5900
19986 20001 5920
19998 20008 5940
20018 20005 5960
20023 19999 5980
20017 20002 6000
20020 19997 6020
20016 19995 6040
20011 19999 6060
20020 19996 6080
20017 19994 6100
20008 19996 6120
20009 19994 6140
19999 19995 6160
20002 19992 6180
19999 19993 6200
20002 19992 6220
20003 19992 6240
20006 19992 6260
19990 19990 6280
19993 19992 6300
19980 19998 6320
19992 19995 6340
19988 19993 6360
19991 19993 6380
19993 19993 6400
19995 19993 6420
19998 19992 6440
19999 19993 6460
19999 20001 6480
20006 20000 6500
20005 20001 6520
19994 19999 6540
19993 20006 6560
19996 20018 6580
20023 20006 6600
20000 20005 6620
19996 20006 6640
20001 20000 6660
19990 19997 6680
19994 19995 6700
19988 20002 6720
19983 20002 6740
19981 20003 6760
19983 20001 6780
19975 20006 6800
19979 20001 6820
19977 19997 6840
19988 19998 6860
19982 20007 6880
19986 20010 6900
19982 20007 6920
19992 20008 6940
19989 20013 6960
19985 20011 6980
19975 20010 7000
19971 20005 7020
19968 20007 7040
19972 20003 7060
19982 20001 7080
19988 19996 7100
19996 19997 7120
20001 19993 7140
19998 19996 7160
20001 19998 7180
19997 19999 7200
20003 19998 7220
20002 19999 7240
20013 19998 7260
20005 19996 7280
20004 19996 7300
20005 19995 7320
20000 19997 7340
20003 20002 7360
20014 20002 7380
20009 20004 7400
20000 20005 7420
20004 20003 7440
20005 19997 7460
19999 19996 7480
20006 19999 7500
20014 20004 7520
20002 20002 7540
20013 20003 7560
19999 20006 7580
19997 20003 7600
19995 20001 7620
19994 19994 7640
20004 19992 7660
20008 19997 7680
20009 19997 7700
20000 19998 7720
19997 20002 7740
19990 19999 7760
19995 19999 7780
19993 19999 7800
19984 20000 7820
19997 19999 7840
20015 19997 7860
20014 19998 7880
20015 19998 7900
20014 20001 7920
20017 19997 7940
20011 19999 7960
20017 19995 7980
20028 19995 8000
20017 19999 8020
20018 19999 8040
20018 19999 8060
20009 20003 8080
20010 19999 8100
20009 19996 8120
20013 19996 8140
20020 19994 8160
20035 19991 8180
20028 19991 8200
20017 20001 8220
20011 20000 8240
20016 20006 8260
19999 20007 8280
20001 20007 8300
19990 20009 8320
19999 20004 8340
20003 20005 8360
20008 20003 8380
20003 20011 8400
20001 20011 8420
19991 20012 8440
19995 20014 8460
19996 20011 8480
20007 20012 8500
20020 20010 8520
20010 20004 8540
20019 20003 8560
20016 20004 8580
20003 20001 8600
20003 20001 8620
19990 20008 8640
19995 20007 8660
19993 20009 8680
20006 20007 8700
20008 20011 8720
20030 20002 8740
20012 20007 8760
20014 20010 8780
19999 20014 8800
20008 20011 8820
19997 20012 8840
19995 20007 8860
19998 20004 8880
20006 19998 8900
20004 19993 8920
20007 19994 8940
20007 19994 8960
20003 19995 8980
20008 19995 9000
19999 19996 9020
20004 19997 9040
20009 19997 9060
20009 19997 9080
20004 19997 9100
20002 19997 9120
20004 20000 9140
20001 20003 9160
20005 20003 9180
20003 20007 9200
20012 20005 9220
20008 20005 9240
20014 20005 9260
20006 20005 9280
20008 20003 9300
20006 20001 9320
20010 19999 9340
20008 19999 9360
20008 19999 9380
20008 20002 9400
20003 20006 9420
20004 20006 9440
20002 20006 9460
20008 20003 9480
20005 20002 9500
20008 20005 9520
20016 20002 9540
20018 20002 9560
20008 20001 9580
20005 20003 9600
20005 20003 9620
19998 20001 9640
19991 20003 9660
19987 20003 9680
19988 20006 9700
19990 20006 9720
19987 20005 9740
19982 20007 9760
19996 20006 9780
19990 20006 9800
19993 20004 9820
19998 20005 9840
20005 20005 9860
20001 20007 9880
20005 20007 9900
20006 20005 9920
20003 20004 9940
20001 20005 9960
20005 20009 9980
20006 20008 10000
20005 20007 10020
20012 20006 10040
20007 20008 10060
20009 20009 10080
20012 20009 10100
20010 20008 10120
20006 20009 10140
20008 20012 10160
20010 20012 10180
20005 20011 10200
20000 20010 10220
19997 20012 10240
20006 20010 10260
19998 20007 10280
20012 20007 10300
20000 20012 10320
20005 20010 10340
19998 20011 10360
19988 20015 10380
19988 20019 10400
19994 20031 10420
20019 20035 10440
20037 20018 10460
20009 20017 10480
20014 20014 10500
20013 20015 10520
20011 20013 10540
20012 20012 10560
20017 20008 10580
20010 20006 10600
20005 20003 10620
19988 20004 10640
19993 19999 10660
19997 20000 10680
20003 19997 10700
20013 19995 10720
20011 19991 10740
20002 19996 10760
20004 19995 10780
19997 20001 10800
20011 19995 10820
20006 19995 10840
20006 19994 10860
19996 20001 10880
20005 19998 10900
20000 19997 10920
20005 19996 10940
20008 19996 10960
20006 19996 10980
20011 19995 11000
20006 19993 11020
20010 19997 11040
20008 19997 11060
20014 19997 11080
20010 19997 11100
20012 19995 11120
20012 19997 11140
20019 20010 11160
20041 20001 11180
20017 20002 11200
20008 20004 11220
19999 20006 11240
20000 20006 11260
19995 20012 11280
20000 20006 11300
19996 20004 11320
19992 19999 11340
19991 20002 11360
20001 20002 11380
19999 20001 11400
19999 19997 11420
19996 19999 11440
20001 19996 11460
20000 19998 11480
20003 20001 11500
20014 20005 11520
20013 20005 11540
20012 20006 11560
20002 20003 11580
19999 20002 11600
19995 20006 11620
19995 20005 11640
19987 20001 11660
19983 20008 11680
19989 20004 11700
19981 20000 11720
19980 19997 11740
19989 20004 11760
20004 20011 11780
19996 20009 11800
19991 20011 11820
19985 20005 11840
19988 20006 11860
19976 20006 11880
19977 20008 11900
19968 20011 11920
19969 20007 11940
19972 20005 11960
19971 20001 11980
19974 20000 12000
19983 19997 12020
19987 19997 12040
19980 19996 12060
19986 19997 12080
19983 19996 12100
19989 19995 12120
19992 19993 12140
19995 19993 12160
20003 19995 12180
20002 19995 12200
20017 19998 12220
20023 20002 12240
20032 20003 12260
20022 20003 12280
20028 20006 12300
20018 20008 12320
20022 20004 12340
20021 20003 12360
20033 19998 12380
20017 20001 12400
20023 20000 12420
20022 20001 12440
20016 20002 12460
20015 20002 12480
20023 20001 12500
20019 20000 12520
20009 19999 12540
20003 19996 12560
20000 19997 12580
20000 20001 12600
20004 20003 12620
20005 20006 12640
20006 20002 12660
19998 20003 12680
19998 20002 12700
19993 20007 12720
19991 20007 12740
19993 20009 12760
19998 20007 12780
20000 20007 12800
20007 20003 12820
19994 20005 12840
20006 20004 12860
20003 20004 12880
20009 20002 12900
20007 19998 12920
20009 19997 12940
19999 19997 12960
20008 19994 12980
20006 19998 13000
20006 20002 13020
20014 20008 13040
20004 20010 13060
20010 20013 13080
20010 20009 13100
20008 20008 13120
20012 20006 13140
20015 20003 13160
20009 20003 13180
20005 20006 13200
20009 20006 13220
20007 20004 13240
20005 20002 13260
20004 19998 13280
20018 19998 13300
20009 19997 13320
20025 20002 13340
20020 20006 13360
20022 20005 13380
20017 20005 13400
20014 20002 13420
20012 20004 13440
20016 20002 13460
20017 19998 13480
20011 19997 13500
20004 19997 13520
19996 20001 13540
19996 20008 13560
19984 20023 13580
20018 20025 13600
20017 20026 13620
20013 20024 13640
20015 20027 13660
20013 20022 13680
20016 20011 13700
19998 20010 13720
20013 20005 13740
20003 20001 13760
20004 19999 13780
19995 20004 13800
20003 20001 13820
19996 20003 13840
20002 19997 13860
19998 19994 13880
20000 19998 13900
19988 20008 13920
19986 20006 13940
19971 20007 13960
19977 20006 13980
19982 20007 14000
19984 20003 14020
19989 20007 14040
20000 20005 14060
20003 20006 14080
20014 20000 14100
20008 20000 14120
20006 20008 14140
20010 20013 14160
20025 20009 14180
20007 20003 14200
20018 20002 14220
20015 20002 14240
20022 19992 14260
19995 19996 14280
19991 19995 14300
19995 19998 14320
19997 19994 14340
19992 19996 14360
19990 19995 14380
19993 19998 14400
19999 19998 14420
20012 19998 14440
19997 19997 14460
20004 19999 14480
19999 20001 14500
20002 20002 14520
19999 20003 14540
20000 20005 14560
20000 20004 14580
19998 20002 14600
19996 20002 14620
19992 20004 14640
19998 20000 14660
19991 20000 14680
20000 20001 14700
19992 20001 14720
20006 20000 14740
20000 20002 14760
20005 20013 14780
20025 20020 14800
20041 20022 14820
20022 20019 14840
20025 20000 14860
20000 20004 14880
20001 20007 14900
19997 20011 14920
20000 20010 14940
20011 20010 14960
20026 20006 14980
20032 20007 15000
20033 20003 15020
20010 20004 15040
20004 20002 15060
20003 20001 15080
19997 19997 15100
20000 19998 15120
19998 20000 15140
19995 20001 15160
19983 20006 15180
19995 20005 15200
20000 20001 15220
20003 19996 15240
20008 19998 15260
19999 19998 15280
20004 19998 15300
19999 19997 15320
19999 20001 15340
20002 20002 15360
20005 19999 15380
19998 19999 15400
19996 20001 15420
19994 20006 15440
19991 20015 15460
20019 20020 15480
20025 20018 15500
20024 20016 15520
20025 20007 15540
20009 20006 15560
20007 20005 15580
20008 20004 15600
20012 20003 15620
20006 20002 15640
20008 20004 15660
20009 20005 15680
20012 20010 15700
20019 20012 15720
20024 20017 15740
20030 20017 15760
20038 20002 15780
20002 20000 15800
20003 19998 15820
20002 20015 15840
20025 20002 15860
20006 20002 15880
19990 19999 15900
19994 20000 15920
19994 20000 15940
20004 19999 15960
20001 20001 15980
20007 20004 16000
19999 20005 16020
19994 20004 16040
19998 20003 16060
19995 20009 16080
20015 20004 16100
19998 20003 16120
19991 20003 16140
19986 20007 16160
19993 20006 16180
19997 20008 16200
20007 19997 16220
19984 19997 16240
19987 19996 16260
19982 19998 16280
19990 19997 16300
19988 19998 16320
19990 19999 16340
19992 20001 16360
19989 19997 16380
19992 19998 16400
19992 19993 16420
20001 19996 16440
19991 19994 16460
19995 19996 16480
19989 19995 16500
19983 19993 16520
19996 19995 16540
19999 19999 16560
20009 20015 16580
20032 20018 16600
20041 20023 16620
20041 20021 16640
20036 20019 16660
20027 20017 16680
20044 20019 16700
20028 20016 16720
20041 20018 16740
20023 20016 16760
20031 20018 16780
20019 20015 16800
20024 20018 16820
20019 20016 16840
20021 20016 16860
20014 20014 16880
20017 20011 16900
20005 20006 16920
20004 20004 16940
20006 20001 16960
19996 19998 16980
19990 20004 17000
19995 20004 17020
19995 20005 17040
20002 20005 17060
19995 20005 17080
20002 19996 17100
19978 19996 17120
19978 19998 17140
19984 20004 17160
20001 20003 17180
19994 20009 17200
20009 20000 17220
19985 20005 17240
19997 20005 17260
19995 20005 17280
19998 20005 17300
19996 20005 17320
20005 20000 17340
19991 19998 17360
19989 19996 17380
19989 19993 17400
19994 19992 17420
20004 19991 17440
19995 19993 17460
20000 19992 17480
19990 19991 17500
19990 19995 17520
20003 19995 17540
19999 19996 17560
19999 19994 17580
20000 19995 17600
19999 19994 17620
20007 19993 17640
20001 19996 17660
20002 19996 17680
20008 19998 17700
20001 19999 17720
20004 19999 17740
19997 20000 17760
20001 19998 17780
19995 19998 17800
19989 19999 17820
19988 20001 17840
19987 20000 17860
19991 20003 17880
19991 20005 17900
19989 20005 17920
19991 20004 17940
19995 20004 17960
19994 20003 17980
19993 20006 18000
19997 20005 18020
19991 20004 18040
19994 20005 18060
19991 20006 18080
19994 20006 18100
19998 20004 18120
19995 20004 18140
20004 20008 18160
20006 20008 18180
20008 20008 18200
20002 20007 18220
20000 20010 18240
20007 20009 18260
20006 20007 18280
19998 20005 18300
20002 20004 18320
20006 20004 18340
20008 20000 18360
20006 20000 18380
20005 20002 18400
20009 20001 18420
20010 20002 18440
20001 20002 18460
20010 20001 18480
20003 19999 18500
19997 20000 18520
19993 20000 18540
19993 20001 18560
19997 20000 18580
19993 20001 18600
19994 20003 18620
19994 20003 18640
19996 20004 18660
19994 20004 18680
20000 20004 18700
20004 20003 18720
20008 20001 18740
20001 20000 18760
20009 20001 18780
20005 20001 18800
20009 19999 18820
20005 20001 18840
20002 20004 18860
20001 20004 18880
20004 20007 18900
20006 20008 18920
20002 20005 18940
20002 20005 18960
20005 20001 18980
20008 20001 19000
20000 20004 19020
20002 20004 19040
20005 20004 19060
20009 20001 19080
20007 20000 19100
20007 20001 19120
20011 20000 19140
20003 20009 19160
20011 20010 19180
20009 20019 19200
20023 20011 19220
20010 20009 19240
20005 20008 19260
20004 20009 19280
20003 20008 19300
19998 20007 19320
20002 20005 19340
20004 20009 19360
20006 20007 19380
20008 20006 19400
20005 20007 19420
20006 20009 19440
20009 20007 19460
20005 20011 19480
20014 20011 19500
20016 20016 19520
20020 20012 19540
20015 20012 19560
20017 20029 19580
20051 20024 19600
20053 20023 19620
20047 20021 19640
20054 20023 19660
20046 20020 19680
20049 20022 19700
20040 20019 19720
20043 20022 19740
20030 20018 19760
20038 20022 19780
20031 20017 19800
20036 20017 19820
20022 20011 19840
20039 20014 19860
20019 20014 19880
20027 20014 19900
20008 20014 19920
20020 20013 19940
20019 20009 19960
20024 20009 19980
20016 20004 20000
20023 20006 20020
20013 20006 20040
20014 20006 20060
20013 20003 20080
20017 20004 20100
20004 20004 20120
20008 20005 20140
20004 20002 20160
20012 20003 20180
20001 20003 20200
20017 19995 20220
19985 19999 20240
19997 19998 20260
19990 19996 20280
19992 19998 20300
19988 19999 20320
19999 19990 20340
19977 19987 20360
19972 19987 20380
19973 19990 20400
19980 19991 20420
19986 19992 20440
19982 19991 20460
19987 20001 20480
20007 19999 20500
19995 19998 20520
19996 19988 20540
19973 19989 20560
19972 19990 20580
19978 19993 20600
19976 19996 20620
19984 20001 20640
20000 20004 20660
19997 20000 20680
20010 19997 20700
19991 20000 20720
19998 19993 20740
19981 19992 20760
19987 19998 20780
19999 20000 20800
20012 20004 20820
20005 20004 20840
20012 19989 20860
19988 19989 20880
19988 19985 20900
19985 19983 20920
19989 19981 20940
19998 19982 20960
19990 19983 20980
19986 19989 21000
19993 19995 21020
19993 19997 21040
19988 19992 21060
19983 19993 21080
19984 19990 21100
19980 19993 21120
19988 19991 21140
19984 19995 21160
19993 19997 21180
19994 20002 21200
19999 20002 21220
19999 20008 21240
20001 20009 21260
20007 20009 21280
20002 19998 21300
19990 19996 21320
19987 19996 21340
19985 20001 21360
19994 19999 21380
19992 20001 21400
19991 20000 21420
19995 20001 21440
19986 19999 21460
19996 20000 21480
19982 20002 21500
19987 20004 21520
19993 20004 21540
19986 20008 21560
19983 20011 21580
19982 20013 21600
19987 20010 21620
19980 20006 21640
19970 20005 21660
19971 20003 21680
19978 20003 21700
19977 20006 21720
19986 20007 21740
19979 20010 21760
19995 20007 21780
19994 20005 21800
20000 20003 21820
19997 20005 21840
19997 19999 21860
20001 19999 21880
19998 19996 21900
20000 20001 21920
19996 19999 21940
20002 20001 21960
19995 20002 21980
19995 20003 22000
19999 20001 22020
19995 20000 22040
20001 20002 22060
19997 20004 22080
19994 20007 22100
19992 20004 22120
19992 20003 22140
19994 20003 22160
19995 20005 22180
19995 20001 22200
20003 20004 22220
20006 20005 22240
20015 20004 22260
20003 20002 22280
20009 20001 22300
20011 20003 22320
20012 20003 22340
20009 20004 22360
20009 20003 22380
20008 20006 22400
20004 20009 22420
20003 20002 22440
20006 20009 22460
19993 20008 22480
20005 20011 22500
19996 20009 22520
19996 20004 22540
20005 20008 22560
20010 20019 22580
20048 20021 22600
20050 20016 22620
20038 20011 22640
20044 20016 22660
20041 20017 22680
20053 20020 22700
20040 20018 22720
20043 20020 22740
20030 20022 22760
20038 20022 22780
20020 20023 22800
20027 20025 22820
20016 20027 22840
20018 20023 22860
20004 20022 22880
20016 20011 22900
19992 20010 22920
19997 20010 22940
20010 20006 22960
20004 20000 22980
19993 20003 23000
20009 20011 23020
20020 20009 23040
20026 20003 23060
20006 20005 23080
20018 20003 23100
20006 20004 23120
20014 20001 23140
20003 20001 23160
20006 19990 23180
19987 19994 23200
19995 19990 23220
19984 19989 23240
19980 19987 23260
19986 19988 23280
19992 19990 23300
19987 19994 23320
19996 19998 23340
19993 20004 23360
20006 20006 23380
20001 20006 23400
20007 20001 23420
20004 20004 23440
20009 19995 23460
19988 19993 23480
19985 19993 23500
19986 19995 23520
19986 19994 23540
19986 19995 23560
19977 19996 23580
19979 19999 23600
19979 19998 23620
19983 20000 23640
19994 19999 23660
19987 20000 23680
19990 20002 23700
19987 20001 23720
19988 20004 23740
19992 20003 23760
19994 20002 23780
19983 20001 23800
19991 20001 23820
19986 20002 23840
19993 20003 23860
19994 20002 23880
19990 20001 23900
19998 20004 23920
20000 20003 23940
20001 20000 23960
19996 20003 23980
19997 20005 24000
20001 20003 24020
19994 20002 24040
19999 20001 24060
20002 20002 24080
19998 20001 24100
19998 20002 24120
19998 20003 24140
19996 20004 24160
20007 20003 24180
20000 20001 24200
20005 20001 24220
19999 20006 24240
20008 20003 24260
20002 20001 24280
19999 20000 24300
20001 20000 24320
20001 20003 24340
19997 20002 24360
20002 20003 24380
20002 20002 24400
20004 20003 24420
20005 20003 24440
20006 19999 24460
20003 20003 24480
20009 20003 24500
20004 20005 24520
19998 20004 24540
20003 20003 24560
20004 20003 24580
20003 20007 24600
20005 20008 24620
20001 20008 24640
20000 20010 24660
19997 20011 24680
20001 20011 24700
20001 20013 24720
20006 20010 24740
20000 20010 24760
19999 20015 24780
19994 20016 24800
19991 20019 24820
19991 20018 24840
19988 20017 24860
19995 20016 24880
19999 20013 24900
20001 20012 24920
19996 20012 24940
19996 20017 24960
19999 20016 24980
19993 20015 25000
19993 20015 25020
19994 20015 25040
19993 20013 25060
20002 20019 25080
20013 20024 25100
20022 20020 25120
20021 20017 25140
20011 20020 25160
20011 20021 25180
20017 20021 25200
20016 20013 25220
20005 20016 25240
20015 20010 25260
19993 20009 25280
19992 20008 25300
19980 20008 25320
19985 20011 25340
19982 20012 25360
19978 20012 25380
19980 20018 25400
19991 20012 25420
19991 20012 25440
19993 20008 25460
19990 20004 25480
19992 20006 25500
19999 20011 25520
19993 20008 25540
19996 20009 25560
19998 20007 25580
20000 20007 25600
20001 20004 25620
19999 20002 25640
20002 20000 25660
20002 20001 25680
20013 20001 25700
20002 20003 25720
20017 20005 25740
20004 20006 25760
20006 20004 25780
20001 20006 25800
20009 20007 25820
20015 20007 25840
20011 20005 25860
20003 20008 25880
20004 20009 25900
19999 20007 25920
20005 20007 25940
20003 20012 25960
20001 20010 25980
20002 20007 26000
20003 20003 26020
19998 20003 26040
20008 20003 26060
20005 20006 26080
20008 20002 26100
20006 20001 26120
19997 20001 26140
20004 20003 26160
20012 19999 26180
20005 19998 26200
20006 20001 26220
20007 19999 26240
20004 19999 26260
20009 20000 26280
20011 20000 26300
20012 20001 26320
20011 19999 26340
20009 19998 26360
20008 19997 26380
20011 19998 26400
20011 19997 26420
20005 19996 26440
20008 19998 26460
20014 20000 26480
20002 19999 26500
20011 20002 26520
20013 20002 26540
20010 20006 26560
20019 20002 26580
20012 19999 26600
20010 19996 26620
20010 19996 26640
20015 19994 26660
20012 19995 26680
20010 19997 26700
20009 19999 26720
20013 19998 26740
20007 19999 26760
20006 20001 26780
20008 20000 26800
20008 19999 26820
20003 19998 26840
20002 19998 26860
19999 20002 26880
20000 20001 26900
20003 20000 26920
19999 19998 26940
20004 19999 26960
19994 19999 26980
19990 20001 27000
19989 20001 27020
19988 20004 27040
19991 20002 27060
19992 20002 27080
19992 20000 27100
19992 20002 27120
19994 20000 27140
19998 20000 27160
20000 19999 27180
19999 20001 27200
20004 20000 27220
20002 20002 27240
20003 20002 27260
20005 20005 27280
20005 20004 27300
20001 20004 27320
20000 20000 27340
20000 19998 27360
19999 19996 27380
19999 19994 27400
20009 19991 27420
20012 19992 27440
20018 19993 27460
20015 19994 27480
20003 19994 27500
20010 20000 27520
20013 19997 27540
20002 19999 27560
20001 19999 27580
20002 20003 27600
20016 19999 27620
20021 19994 27640
20030 19989 27660
20032 19987 27680
20041 19986 27700
20032 19989 27720
20031 19992 27740
20022 19995 27760
20025 19999 27780
20020 20000 27800
20034 20000 27820
20017 20001 27840
20032 19998 27860
20022 19996 27880
20031 20000 27900
20040 19998 27920
20036 19988 27940
20042 19988 27960
20024 19982 27980
20027 19980 28000
20018 19977 28020
20016 19982 28040
20014 19982 28060
20013 19990 28080
20009 19992 28100
20009 19995 28120
20001 19999 28140
20009 20002 28160
20029 20012 28180
20007 20008 28200
20009 20011 28220
19996 20017 28240
20003 20019 28260
19999 20022 28280
19993 20024 28300
19992 20025 28320
19991 20019 28340
20003 20021 28360
19980 20018 28380
19996 20021 28400
19978 20019 28420
19982 20018 28440
19982 20017 28460
19987 20011 28480
19987 20011 28500
19992 20006 28520
19991 20006 28540
19990 20008 28560
20006 20010 28580
19995 20009 28600
20008 20005 28620
19997 20007 28640
20006 20010 28660
19998 20015 28680
19994 20016 28700
20001 20017 28720
19999 20013 28740
19989 20013 28760
19985 20013 28780
19984 20014 28800
19990 20014 28820
19989 20015 28840
19987 20015 28860
19992 20012 28880
19985 20008 28900
19989 20008 28920
19989 20008 28940
19995 20010 28960
20003 20011 28980
20003 20014 29000
20011 20012 29020
20007 20007 29040
20006 20001 29060
20004 20000 29080
19998 20000 29100
20005 20003 29120
20008 20002 29140
20004 20009 29160
20009 20007 29180
20004 20007 29200
20002 20005 29220
19998 20001 29240
19997 20004 29260
19991 20005 29280
19991 20005 29300
19992 20005 29320
19988 20003 29340
19994 20002 29360
19993 20000 29380
19998 19999 29400
19986 19997 29420
20001 20001 29440
19999 19999 29460
19995 19999 29480
20001 20007 29500
20023 20002 29520
20016 19994 29540
19998 19998 29560
20011 19995 29580
20009 19994 29600
20013 19997 29620
20006 20006 29640
20031 20005 29660
20019 20001 29680
20005 19999 29700
19995 20002 29720
20002 20005 29740
19998 20006 29760
20005 20004 29780
20002 20000 29800
20005 19996 29820
19999 19993 29840
19999 19993 29860
20008 19993 29880
19998 19996 29900
20007 19995 29920
19995 19993 29940
20002 19999 29960
20009 19992 29980
20006 19993 30000
20005 19994 30020
19999 19994 30040
20000 19996 30060
19993 19996 30080
20005 19995 30100
19999 19998 30120
20008 19994 30140
19999 19996 30160
19996 19993 30180
20000 19994 30200
20001 19998 30220
20003 20000 30240
20000 20002 30260
19997 19996 30280
20005 20002 30300
20002 20002 30320
20002 20003 30340
20006 20000 30360
19999 20001 30380
20001 20005 30400
20009 20004 30420
20006 20002 30440
20006 20001 30460
20001 20000 30480
20001 19995 30500
19998 19996 30520
20008 19994 30540
20008 19994 30560
19999 19992 30580
20002 19995 30600
20004 19995 30620
20005 19999 30640
20014 20001 30660
20012 20002 30680
20013 20004 30700
20007 20008 30720
20021 20004 30740
20012 20002 30760
20009 20000 30780
20010 20000 30800
20013 20012 30820
20039 20002 30840
20015 20001 30860
20020 19999 30880
20011 19996 30900
20006 19993 30920
20008 19994 30940
20009 19999 30960
20024 19996 30980
20015 19999 31000
20014 19999 31020
20010 20009 31040
20031 20001 31060
20013 20001 31080
20019 19998 31100
20009 19999 31120
20011 19998 31140
20009 20000 31160
20008 20001 31180
20005 20006 31200
20016 20002 31220
20001 20002 31240
20005 20000 31260
19996 20002 31280
19996 19998 31300
19990 20000 31320
19994 19999 31340
19998 19999 31360
19992 20000 31380
19995 20002 31400
19993 20010 31420
20007 20006 31440
19995 19999 31460
19986 20001 31480
19983 20006 31500
19983 20006 31520
19981 20008 31540
19977 20013 31560
19990 20011 31580
19989 20012 31600
19996 20006 31620
19989 20007 31640
20004 20006 31660
20007 20006 31680
20023 20003 31700
20011 20001 31720
20011 20002 31740
20011 19997 31760
20007 19995 31780
20001 19994 31800
20005 19994 31820
19998 19996 31840
20003 19995 31860
20009 19997 31880
19994 19997 31900
20008 19999 31920
19991 19995 31940
19988 19997 31960
19981 19995 31980
19989 19998 32000
19991 20002 32020
19998 20005 32040
20007 20001 32060
20015 20001 32080
20018 19998 32100
20013 20001 32120
20012 20002 32140
20017 20004 32160
20015 20005 32180
20008 20003 32200
20014 20002 32220
20001 19999 32240
19999 19998 32260
19999 19998 32280
19994 19996 32300
19993 19996 32320
19993 19992 32340
19991 19991 32360
19993 19992 32380
20001 19992 32400
19996 19995 32420
19993 19996 32440
19990 19998 32460
19993 19998 32480
19992 19998 32500
19995 19999 32520
20011 19999 32540
20008 20008 32560
20025 20002 32580
20006 20003 32600
20004 19999 32620
19991 20004 32640
20000 20002 32660
19999 20016 32680
20028 20017 32700
20028 20021 32720
20043 20019 32740
20028 20023 32760
20038 20022 32780
20026 20023 32800
20038 20021 32820
20022 20022 32840
20033 20008 32860
20001 20008 32880
19999 20009 32900
20002 20004 32920
19995 20006 32940
19995 20010 32960
20002 20004 32980
19990 20005 33000
19998 20001 33020
19991 20001 33040
20002 20001 33060
20002 19998 33080
20000 19998 33100
20002 20003 33120
20021 20002 33140
20005 19999 33160
20022 19999 33180
20011 19998 33200
20006 19997 33220
20012 19999 33240
20010 19999 33260
19997 20003 33280
19995 19995 33300
19985 19994 33320
19984 19993 33340
19986 19999 33360
19994 20000 33380
19992 20002 33400
19985 20004 33420
19985 20003 33440
19984 20000 33460
19986 20000 33480
19987 19997 33500
19989 19996 33520
19996 19997 33540
19995 19999 33560
19998 20002 33580
19992 20003 33600
20003 20002 33620
20002 20003 33640
20014 20005 33660
20015 20008 33680
20023 20009 33700
20011 20011 33720
20007 20010 33740
20001 20015 33760
20014 20007 33780
20000 20004 33800
20007 20002 33820
20007 20005 33840
19996 20006 33860
19998 20006 33880
19999 20004 33900
20001 20004 33920
20014 20001 33940
20012 20001 33960
20005 19997 33980
20005 20000 34000
20016 19998 34020
20004 19997 34040
20005 19998 34060
19993 19996 34080
20015 20001 34100
19995 19995 34120
20013 19997 34140
19997 19995 34160
19998 19993 34180
19993 19997 34200
19985 19998 34220
19985 20003 34240
19983 20004 34260
19979 20008 34280
19977 20007 34300
19977 20004 34320
19987 20003 34340
19989 20004 34360
19985 20008 34380
19988 20012 34400
19982 20016 34420
19986 20014 34440
19983 20012 34460
19977 20019 34480
19977 20015 34500
19978 20017 34520
19979 20016 34540
19984 20025 34560
20005 20016 34580
19987 20018 34600
19989 20018 34620
19980 20015 34640
19999 20012 34660
19979 20011 34680
19981 20007 34700
19982 20014 34720
19990 20011 34740
19987 20013 34760
19992 20009 34780
19987 20011 34800
19991 20010 34820
19995 20010 34840
19989 20010 34860
19991 20010 34880
19993 20009 34900
20000 20010 34920
19994 20009 34940
20003 20009 34960
20012 20003 34980
20016 20001 35000
20014 20004 35020
20014 20005 35040
20019 20005 35060
20018 20007 35080
20022 20003 35100
20017 20006 35120
20023 20006 35140
20013 20008 35160
20015 20006 35180
20015 20004 35200
20021 19999 35220
20012 19994 35240
20015 19991 35260
20016 19996 35280
20022 19996 35300
20017 20000 35320
20012 20003 35340
20018 20005 35360
20005 20007 35380
19998 20008 35400
19987 20010 35420
19980 20013 35440
19974 20012 35460
19975 20011 35480
19981 20020 35500
19991 20014 35520
19990 20007 35540
19982 20009 35560
19982 20003 35580
19983 20006 35600
19995 19999 35620
19989 20001 35640
20006 20013 35660
20022 20019 35680
20042 20016 35700
20025 20021 35720
20049 20015 35740
20042 20012 35760
20044 20009 35780
20020 20009 35800
20034 20007 35820
20022 20008 35840
20038 20010 35860
20025 20013 35880
20032 20011 35900
20023 20015 35920
20031 20011 35940
20016 20009 35960
20033 19994 35980
20010 19985 36000
19993 19984 36020
19979 19987 36040
19986 19988 36060
19973 19992 36080
19973 19996 36100
19968 20001 36120
19985 20000 36140
19974 20003 36160
19981 19999 36180
19969 20004 36200
19968 20000 36220
19969 20004 36240
19978 20000 36260
19966 20003 36280
19974 20002 36300
19972 20005 36320
19980 20001 36340
19977 19998 36360
19980 19996 36380
19988 19997 36400
19978 19999 36420
19987 20000 36440
19985 20004 36460
19993 20006 36480
19993 20007 36500
19981 20006 36520
19984 20005 36540
19974 20005 36560
19977 20005 36580
19978 20005 36600
19983 20005 36620
19972 20008 36640
19990 20008 36660
19988 20010 36680
19989 20007 36700
19989 20002 36720
20014 19993 36740
20001 19995 36760
20019 19995 36780
20016 19997 36800
20012 19999 36820
20007 20002 36840
20004 20002 36860
20006 20005 36880
19997 20004 36900
19988 20004 36920
19987 20003 36940
19989 20007 36960
19995 20007 36980
19993 20004 37000
19997 20001 37020
19995 20001 37040
20002 20000 37060
20000 20003 37080
20019 20001 37100
20004 20003 37120
20013 20000 37140
19995 20001 37160
19992 20001 37180
19997 20002 37200
20002 20001 37220
19995 19999 37240
20002 19997 37260
19998 19996 37280
20005 19997 37300
20003 19999 37320
20004 20000 37340
20006 20001 37360
20008 20002 37380
20008 20001 37400
20008 20001 37420
20007 20003 37440
20008 20001 37460
20001 20000 37480
19999 19999 37500
20004 19995 37520
20010 19993 37540
20014 19991 37560
20017 19991 37580
20014 19995 37600
20025 19991 37620
20024 19989 37640
20023 19994 37660
20013 20003 37680
20021 20004 37700
20013 20000 37720
20013 19995 37740
20019 19993 37760
20022 19993 37780
20024 19993 37800
20028 19993 37820
20023 19991 37840
20026 19990 37860
20033 19994 37880
20034 19990 37900
20043 19990 37920
20034 19989 37940
20026 19987 37960
20012 19989 37980
20011 19990 38000
20012 19992 38020
20011 19992 38040
20018 19994 38060
20016 19998 38080
20020 19997 38100
20013 19996 38120
20014 19999 38140
20009 19998 38160
20013 19995 38180
20009 19995 38200
20009 19995 38220
20011 19998 38240
20013 20000 38260
20015 20000 38280
20022 19998 38300
20028 19999 38320
20034 19999 38340
20028 20003 38360
20021 20003 38380
20016 20003 38400
20012 19999 38420
20028 20001 38440
20036 20000 38460
20027 20000 38480
20034 20001 38500
20024 19999 38520
20021 20000 38540
20013 20002 38560
20014 20005 38580
20005 20010 38600
20002 20008 38620
19995 20011 38640
20023 20008 38660
20005 20003 38680
20010 20005 38700
20017 20013 38720
20042 20011 38740
20031 20021 38760
20038 20021 38780
20025 20023 38800
20038 20020 38820
20024 20023 38840
20034 20016 38860
20022 20019 38880
20032 20018 38900
20021 20020 38920
20019 20018 38940
20000 20019 38960
20021 20014 38980
20012 20016 39000
20025 20005 39020
20000 20007 39040
20005 19999 39060
19985 19998 39080
19984 19995 39100
19980 19997 39120
19986 19999 39140
19971 20000 39160
19975 19996 39180
19967 19991 39200
19976 19987 39220
19979 19997 39240
19995 19991 39260
19984 19993 39280
19995 19994 39300
19984 19993 39320
19981 20002 39340
20003 19995 39360
19984 19997 39380
19986 20000 39400
19983 19992 39420
19982 20002 39440
19985 20006 39460
19980 20009 39480
19983 20003 39500
19979 20000 39520
19993 20002 39540
19993 20003 39560
19991 20005 39580
19989 20008 39600
19999 20003 39620
20000 20002 39640
20000 20001 39660
19988 20003 39680
20004 19998 39700
19995 19998 39720
20008 20009 39740
20010 20015 39760
20026 20018 39780
20008 20017 39800
20016 20007 39820
19992 20018 39840
20025 20006 39860
19998 20019 39880
20025 20019 39900
20015 20022 39920
20029 20023 39940
20010 20026 39960
20022 20023 39980
20008 20008 40000
19978 20001 40020
19970 20000 40040
19962 20001 40060
19973 20001 40080
19975 20001 40100
19972 20000 40120
19969 20000 40140
19970 20002 40160
19975 20001 40180
19972 20004 40200
19979 20004 40220
19981 20009 40240
19989 20005 40260
19986 20002 40280
19987 20000 40300
19990 19999 40320
19995 20001 40340
20001 20004 40360
19992 20006 40380
19992 20006 40400
19988 20007 40420
19983 20010 40440
19990 20009 40460
19983 20006 40480
19976 20006 40500
19975 20005 40520
19972 20006 40540
19964 20010 40560
19974 20008 40580
19970 20007 40600
19988 20005 40620
19988 20003 40640
20000 20001 40660
19988 20006 40680
19994 20016 40700
19993 20010 40720
19978 20013 40740
19976 20008 40760
19972 20005 40780
19967 20008 40800
19974 20007 40820
19976 20008 40840
19979 20004 40860
19979 20008 40880
19986 20005 40900
20004 20004 40920
19995 20000 40940
20001 20006 40960
20015 20015 40980
20029 20013 41000
20024 20003 41020
20005 20004 41040
19997 20004 41060
19988 20004 41080
19995 20005 41100
20000 20004 41120
20002 20002 41140
19983 20009 41160
20008 20008 41180
19992 20009 41200
19986 20005 41220
19979 20009 41240
19993 20009 41260
19989 20023 41280
20039 20005 41300
20006 20005 41320
20019 19996 41340
20011 19996 41360
20007 19999 41380
20003 20002 41400
20006 19996 41420
20006 19995 41440
20022 19996 41460
20033 19996 41480
20034 20000 41500
20040 20002 41520
20048 19995 41540
20032 19998 41560
20040 19996 41580
20024 19999 41600
20037 19999 41620
20022 19995 41640
20029 19992 41660
20009 20007 41680
20051 20006 41700
20040 20013 41720
20056 20011 41740
20035 20020 41760
20046 20019 41780
20020 20022 41800
20028 20022 41820
20015 20021 41840
20035 20017 41860
20026 20018 41880
20035 20020 41900
20029 20021 41920
20033 20019 41940
20015 20022 41960
20028 20018 41980
20007 20005 42000
19975 20001 42020
19966 19999 42040
19969 19992 42060
19968 19995 42080
19984 19996 42100
19980 20001 42120
19998 19998 42140
19986 19998 42160
19991 20000 42180
19990 20000 42200
19987 19996 42220
19983 19998 42240
19984 20001 42260
19997 19998 42280
19985 20004 42300
20002 20002 42320
19998 19999 42340
20002 19998 42360
20002 19996 42380
20006 19994 42400
20007 19989 42420
20015 19983 42440
20010 19977 42460
20016 19973 42480
20024 19975 42500
20014 19981 42520
20024 19986 42540
20030 19985 42560
20033 19973 42580
20013 19968 42600
20027 19963 42620
20025 19964 42640
20041 19966 42660
20020 19975 42680
20014 19985 42700
20002 19992 42720
20009 19992 42740
20018 19987 42760
20026 19983 42780
20034 19980 42800
20030 19978 42820
20028 19982 42840
20029 19980 42860
20019 19987 42880
20017 19992 42900
20015 19995 42920
20008 19995 42940
20011 19995 42960
20019 19989 42980
20008 19987 43000
20017 19988 43020
20008 19988 43040
20019 19991 43060
20013 19992 43080
20027 19991 43100
20016 19996 43120
20019 19992 43140
20008 19997 43160
20024 19996 43180
20015 19995 43200
20008 19990 43220
19999 19997 43240
20014 19999 43260
20019 20004 43280
20013 20000 43300
20015 19995 43320
19994 19991 43340
19994 20001 43360
20002 19995 43380
20004 19995 43400
19992 19994 43420
19992 19996 43440
19997 19995 43460
19994 19998 43480
19993 19996 43500
19992 19994 43520
19994 19995 43540
19992 19996 43560
19999 19996 43580
19992 20001 43600
19996 20000 43620
19992 20004 43640
19993 20005 43660
19992 20009 43680
19999 20005 43700
19995 20007 43720
19995 20004 43740
19992 20008 43760
20002 20007 43780
20002 20007 43800
19995 20006 43820
19997 20010 43840
19990 20007 43860
19995 20004 43880
19996 20002 43900
19996 20006 43920
20009 20005 43940
20002 20012 43960
20010 20011 43980
19998 20008 44000
19990 20004 44020
19984 20006 44040
20007 20003 44060
19992 20010 44080
20003 20006 44100
19992 20008 44120
19990 20005 44140
19992 20008 44160
20001 20005 44180
19988 20004 44200
19999 20002 44220
19981 19998 44240
19988 20001 44260
19980 20005 44280
19992 20002 44300
20002 20005 44320
19995 20001 44340
19996 20000 44360
19995 19999 44380
19992 20006 44400
19986 19998 44420
19988 20003 44440
19988 20001 44460
19996 20000 44480
20000 20002 44500
20003 20000 44520
20014 20005 44540
20001 20006 44560
20019 20015 44580
20022 20014 44600
20017 19997 44620
20017 20008 44640
20014 20000 44660
20017 20001 44680
20005 20002 44700
20004 19997 44720
20015 20001 44740
19999 20004 44760
20028 19995 44780
20012 19995 44800
20016 19994 44820
20005 19999 44840
20010 20001 44860
20012 20005 44880
20016 20004 44900
20015 20004 44920
20011 20004 44940
20002 20003 44960
20005 20002 44980
20002 20000 45000
20004 20000 45020
20011 20002 45040
20018 20004 45060
20005 20005 45080
20003 20003 45100
20001 20006 45120
20002 20004 45140
19999 20017 45160
20028 20019 45180
20022 20023 45200
20038 20020 45220
20022 20022 45240
20037 20018 45260
20025 20019 45280
20039 20012 45300
20022 20015 45320
20032 20010 45340
20021 20018 45360
20027 20001 45380
19979 20000 45400
19972 19999 45420
19977 19998 45440
19971 19998 45460
19966 19998 45480
19963 19998 45500
19966 20004 45520
19972 20002 45540
19969 20000 45560
19971 20001 45580
19969 20011 45600
19981 20004 45620
19971 20007 45640
19981 20010 45660
19973 20013 45680
19974 20011 45700
19973 20011 45720
19973 20012 45740
19977 20025 45760
20004 20015 45780
19985 20015 45800
19988 20011 45820
19992 20011 45840
19992 20004 45860
19987 20007 45880
19985 20004 45900
19976 20005 45920
19974 20004 45940
19970 20004 45960
19972 20003 45980
19975 20008 46000
19988 20006 46020
19984 20005 46040
19985 20004 46060
19984 20004 46080
19988 19999 46100
19983 19998 46120
19986 19999 46140
19990 20000 46160
19991 19997 46180
19995 19997 46200
19998 19997 46220
20003 19997 46240
20005 19996 46260
20013 19994 46280
20004 19994 46300
20013 19995 46320
20013 19994 46340
20008 19994 46360
20009 19994 46380
20011 19996 46400
20009 19998 46420
20005 19996 46440
20006 20000 46460
20002 20006 46480
20013 20009 46500
19997 20005 46520
19996 20006 46540
19992 20007 46560
19999 20004 46580
19991 20004 46600
19994 20007 46620
19994 20009 46640
19998 20008 46660
19992 20005 46680
20006 20003 46700
19992 20004 46720
19993 20003 46740
19999 20006 46760
19986 20011 46780
19983 20028 46800
20033 20030 46820
20030 20019 46840
20015 20014 46860
20002 20015 46880
20003 20012 46900
19998 20012 46920
19996 20010 46940
19993 20017 46960
20011 20011 46980
19999 20008 47000
19997 20005 47020
19987 20011 47040
20006 20010 47060
19999 20007 47080
19989 20002 47100
19996 20008 47120
20001 20002 47140
19997 20004 47160
19996 20008 47180
19990 20006 47200
19997 20001 47220
19988 20003 47240
19988 20003 47260
19995 20018 47280
20026 20016 47300
20014 20011 47320
20008 20007 47340
20005 20006 47360
20013 20003 47380
20004 19999 47400
20000 20000 47420
20000 20005 47440
20003 20001 47460
20001 20003 47480
20002 19997 47500
19999 20002 47520
20020 20003 47540
20012 20002 47560
20015 20001 47580
20004 20000 47600
20010 19996 47620
20004 19996 47640
20009 19996 47660
20004 20001 47680
20004 19995 47700
20001 19998 47720
20000 19998 47740
19998 20005 47760
20013 20008 47780
20029 20023 47800
20041 20022 47820
20026 20024 47840
20031 20016 47860
20011 20021 47880
20030 20015 47900
20015 20017 47920
20024 20012 47940
20002 20013 47960
20019 20003 47980
19992 20002 48000
19985 20000 48020
19970 20000 48040
19981 19992 48060
19978 19992 48080
19984 20002 48100
19971 20000 48120
19980 20000 48140
19981 20003 48160
19991 19995 48180
19990 20001 48200
19982 19996 48220
19984 19996 48240
19986 19997 48260
19990 19998 48280
19984 19995 48300
19984 19994 48320
19987 19996 48340
19975 20012 48360
19994 20008 48380
19985 20009 48400
19997 20009 48420
19996 20003 48440
19996 19998 48460
19993 19993 48480
19999 19988 48500
19999 19988 48520
20014 19989 48540
19997 19996 48560
19993 19998 48580
19993 19998 48600
19998 20004 48620
19995 20009 48640
19999 20008 48660
19995 20007 48680
19993 20001 48700
19995 20004 48720
19997 20001 48740
19991 20002 48760
19990 20000 48780
20002 20003 48800
19991 20006 48820
20009 20007 48840
20009 20005 48860
20000 20002 48880
20012 19998 48900
19999 19998 48920
19996 19997 48940
19998 20005 48960
20007 20005 48980
20001 20005 49000
20012 20003 49020
19996 20007 49040
20011 20002 49060
20005 20005 49080
20003 20002 49100
19996 20006 49120
20016 20009 49140
19993 20009 49160
20007 20009 49180
19995 20006 49200
20003 20002 49220
19999 20000 49240
19995 19999 49260
20005 20000 49280
20004 20003 49300
20007 20004 49320
20003 20003 49340
20006 20007 49360
20010 20002 49380
20006 20006 49400
20007 20011 49420
20028 20026 49440
20052 20013 49460
20011 20006 49480
20015 20006 49500
20005 19999 49520
20007 19995 49540
19999 19995 49560
19999 19995 49580
19993 19997 49600
20005 20000 49620
20000 20002 49640
20001 19999 49660
20000 20001 49680
19997 19997 49700
20001 20000 49720
19992 19999 49740
20006 20007 49760
19986 20012 49780
19985 20010 49800
19986 20014 49820
19980 20013 49840
19998 20012 49860
19982 20016 49880
19993 20008 49900
19988 20021 49920
19993 20014 49940
19993 20012 49960
19993 20009 49980
19992 20004 50000
20009 20003 50020
19995 20006 50040
20017 20001 50060
20016 20017 50080
20025 19999 50100
20011 20002 50120
20015 19998 50140
20008 20000 50160
20002 19997 50180
19998 20000 50200
19995 19998 50220
19997 20002 50240
19996 20002 50260
20007 20001 50280
20002 20003 50300
20009 20001 50320
20007 20004 50340
20002 20004 50360
20000 20004 50380
20004 20018 50400
20007 20015 50420
20001 20011 50440
19995 20011 50460
19995 20006 50480
20007 20005 50500
19994 20005 50520
19996 20001 50540
20001 20008 50560
19988 20005 50580
19992 20007 50600
19999 20006 50620
19983 20007 50640
19993 20009 50660
19978 20011 50680
19981 20016 50700
19987 20019 50720
20002 20007 50740
20006 20007 50760
19986 20011 50780
19999 20017 50800
20008 20012 50820
19991 20010 50840
19996 20004 50860
19994 20007 50880
19993 19999 50900
19994 19997 50920
19998 19996 50940
20002 19997 50960
20009 19996 50980
20008 19996 51000
20006 19999 51020
19997 20001 51040
19991 19996 51060
19987 19993 51080
19987 19990 51100
19990 19994 51120
19992 19997 51140
19987 20003 51160
19980 20010 51180
19984 20012 51200
19995 20013 51220
20006 20010 51240
20003 20008 51260
20008 20006 51280
20003 20003 51300
20003 20004 51320
20005 20004 51340
20006 20006 51360
20007 20007 51380
20000 20009 51400
20000 20008 51420
19996 20010 51440
19984 20010 51460
19992 20008 51480
19996 20007 51500
19995 20006 51520
20002 20002 51540
19999 20005 51560
20011 20002 51580
20002 20004 51600
20005 20001 51620
20004 20002 51640
19996 20000 51660
20002 20001 51680
20003 20000 51700
19999 19999 51720
20005 19998 51740
20012 19998 51760
20003 19996 51780
20012 19993 51800
20002 19990 51820
20006 19989 51840
20014 19989 51860
20012 19990 51880
20006 19993 51900
20002 19997 51920
20017 20005 51940
20027 20019 51960
20066 20017 51980
20042 20025 52000
20058 20016 52020
20030 20021 52040
20038 20015 52060
20030 20022 52080
20051 20010 52100
20022 20005 52120
20021 19994 52140
19994 20011 52160
20037 19998 52180
20000 19999 52200
19998 19995 52220
19991 19995 52240
19988 19995 52260
19993 19994 52280
19984 19991 52300
19992 19988 52320
19989 19989 52340
19989 20002 52360
20012 19992 52380
19994 20001 52400
20025 19993 52420
20001 19989 52440
19995 19989 52460
19985 19993 52480
19987 19989 52500
19996 19991 52520
19999 19990 52540
19986 19987 52560
19992 19986 52580
19986 19984 52600
19991 19986 52620
19984 19990 52640
19990 19993 52660
19977 19994 52680
19984 19993 52700
19978 20000 52720
19992 19990 52740
20008 19999 52760
20012 19993 52780
19996 20004 52800
19998 20001 52820
19994 20006 52840
19991 20009 52860
19989 20005 52880
19999 20005 52900
19989 20002 52920
19988 20003 52940
19986 20012 52960
20021 20003 52980
19988 20003 53000
20009 20006 53020
19995 20012 53040
20006 20008 53060
20003 20007 53080
20002 20003 53100
19998 20003 53120
20010 19999 53140
20008 19998 53160
20012 19996 53180
20024 19993 53200
20017 19993 53220
20010 19996 53240
20018 19996 53260
20005 20006 53280
19999 20001 53300
19995 19998 53320
19984 19995 53340
19986 19996 53360
19998 19999 53380
20008 20004 53400
20016 20017 53420
20026 20018 53440
20039 20001 53460
20010 19996 53480
20015 19995 53500
19995 19996 53520
20008 19997 53540
19990 20001 53560
20027 20015 53580
20018 20006 53600
20008 19997 53620
19986 20000 53640
19988 20002 53660
19991 20009 53680
19998 20004 53700
19992 20006 53720
19993 20003 53740
19995 20006 53760
19999 20004 53780
19990 20001 53800
19999 20001 53820
20003 20008 53840
20011 20002 53860
19986 20002 53880
19983 20001 53900
19986 20001 53920
19996 19999 53940
19998 19998 53960
20006 19997 53980
20006 19995 54000
20000 19993 54020
19988 19989 54040
19992 19996 54060
19983 19990 54080
19991 19997 54100
19980 20005 54120
19979 20001 54140
19979 20009 54160
19969 20003 54180
19973 20001 54200
19975 20005 54220
19974 20000 54240
19976 20002 54260
19981 20001 54280
19985 20004 54300
19993 20005 54320
19994 20006 54340
20000 20004 54360
20008 20001 54380
20006 20005 54400
20018 20006 54420
20015 20012 54440
20015 20012 54460
20016 20012 54480
20016 20009 54500
20013 20008 54520
20008 20007 54540
19994 20010 54560
19996 20008 54580
20001 20009 54600
20000 20011 54620
20002 20013 54640
20007 20011 54660
20013 20006 54680
20015 20002 54700
20018 20002 54720
20013 20004 54740
20011 20006 54760
20009 20005 54780
20013 20005 54800
20011 20007 54820
20020 20003 54840
20002 20003 54860
20001 20004 54880
20000 20002 54900
20000 20007 54920
20007 20008 54940
19996 20012 54960
20014 20009 54980
20005 20009 55000
20025 20005 55020
20006 20011 55040
20026 20008 55060
20008 20010 55080
20021 20016 55100
20022 20012 55120
20013 20007 55140
20003 20007 55160
20004 20006 55180
20002 20008 55200
20004 20006 55220
20000 20007 55240
19998 20008 55260
19998 20008 55280
19993 20005 55300
19989 20007 55320
19981 20010 55340
19982 20009 55360
19979 20008 55380
19986 20009 55400
20005 20007 55420
19999 20009 55440
20002 20004 55460
19999 20006 55480
20005 20002 55500
19997 20005 55520
20014 20011 55540
20015 20028 55560
20056 20016 55580
20016 20007 55600
19998 19999 55620
19992 20001 55640
19998 19999 55660
19996 20000 55680
20003 20001 55700
20002 20014 55720
20028 20000 55740
20009 20002 55760
20004 20001 55780
19999 20011 55800
20016 20002 55820
19997 20003 55840
19994 20000 55860
19991 20004 55880
19996 20000 55900
19998 20000 55920
19998 19996 55940
19992 19996 55960
20004 20000 55980
19998 20000 56000
20002 20001 56020
19996 19998 56040
19997 19998 56060
19997 19998 56080
19992 20000 56100
20000 20006 56120
20012 20001 56140
20002 20007 56160
20006 20001 56180
20004 20000 56200
20003 19997 56220
20003 20005 56240
20017 20004 56260
20001 20007 56280
20009 20004 56300
19995 20010 56320
19999 20002 56340
19988 20009 56360
19990 20006 56380
19986 20013 56400
19987 20002 56420
19988 20005 56440
19995 20005 56460
19997 20006 56480
20009 20006 56500
19992 20003 56520
19998 20004 56540
19994 20004 56560
20005 20000 56580
20002 20001 56600
20013 19998 56620
20012 19995 56640
20008 19996 56660
20009 20000 56680
20027 19993 56700
20011 19997 56720
20008 19995 56740
20010 20000 56760
20001 20001 56780
19992 20007 56800
20003 20000 56820
19999 20004 56840
20007 20002 56860
20000 20005 56880
20003 20001 56900
19996 20000 56920
19998 20002 56940
20006 20021 56960
20041 20005 56980
20006 20002 57000
20000 19999 57020
19995 19999 57040
19995 19998 57060
19985 19998 57080
19989 19996 57100
19992 20005 57120
20004 20000 57140
20006 20003 57160
19995 20001 57180
20004 20005 57200
19993 20001 57220
20006 20002 57240
19999 20001 57260
19997 20000 57280
19996 20001 57300
19990 19999 57320
19998 20001 57340
20003 20005 57360
20009 20005 57380
20001 20004 57400
20002 20005 57420
20000 20006 57440
20005 20005 57460
20002 20004 57480
20002 20001 57500
20004 19999 57520
20002 20002 57540
20003 19998 57560
19997 19998 57580
20004 19999 57600
20011 19999 57620
20010 20010 57640
20032 20022 57660
20037 20011 57680
20012 20006 57700
20003 20007 57720
19998 20008 57740
20006 20010 57760
20002 20006 57780
20002 20009 57800
20013 20004 57820
19998 20006 57840
20013 20012 57860
20014 20003 57880
20004 20002 57900
19996 20002 57920
20003 20000 57940
20000 20001 57960
20000 20001 57980
19996 20006 58000
20009 20010 58020
19991 20003 58040
19999 20006 58060
19992 20010 58080
20010 20006 58100
19998 20007 58120
19994 20001 58140
19997 20005 58160
19990 20002 58180
19999 20003 58200
19993 20003 58220
20002 20003 58240
19997 20003 58260
20003 20004 58280
19995 20005 58300
19992 20006 58320
19996 20004 58340
19995 20003 58360
19996 20004 58380
19993 20004 58400
19992 20002 58420
19999 20000 58440
20005 20000 58460
19997 20001 58480
19999 20001 58500
20001 20002 58520
20003 20001 58540
20001 20003 58560
20015 20001 58580
19996 20000 58600
20000 20000 58620
20000 19999 58640
20000 19998 58660
20003 19999 58680
20004 20000 58700
20002 20001 58720
20002 20000 58740
20008 20004 58760
19992 20002 58780
20008 20001 58800
20005 19999 58820
20003 19998 58840
20000 19998 58860
19995 19999 58880
19999 20002 58900
20000 20005 58920
20010 20005 58940
20000 20007 58960
20017 20003 58980
20002 20002 59000
19998 20003 59020
19996 20008 59040
20004 20006 59060
20000 20005 59080
20000 20005 59100
19993 20004 59120
19996 20005 59140
19993 20006 59160
19993 20005 59180
19998 20009 59200
19997 20005 59220
19999 20006 59240
19999 20003 59260
20000 20003 59280
19999 20001 59300
19997 20000 59320
19997 20000 59340
19997 20000 59360
20002 20001 59380
19998 20003 59400
20001 20005 59420
20000 20005 59440
20007 20005 59460
20000 20006 59480
20001 20007 59500
19996 20009 59520
20004 20009 59540
20002 20008 59560
20000 20008 59580
19995 20008 59600
20009 20005 59620
19996 20005 59640
19993 20003 59660
20001 20006 59680
19997 20005 59700
19986 20005 59720
19996 20005 59740
19996 20006 59760
19999 20004 59780
19998 20006 59800
19998 20005 59820
19996 20003 59840
19997 20004 59860
19993 20006 59880
19992 20004 59900
19996 20004 59920
19997 20004 59940
19997 20004 59960
20006 20003 59980
20001 20003 60000
