19990 19838 20
19789 19829 40
19783 19819 60
19800 19809 80
19782 19801 100
19794 19790 120
19787 19783 140
19781 19776 160
19779 19769 180
19777 19762 200
19771 19759 220
19772 19753 240
19769 19746 260
19770 19742 280
19779 19735 300
19770 19731 320
19770 19726 340
19773 19722 360
19777 19716 380
19774 19713 400
19773 19712 420
19769 19714 440
19765 19710 460
19758 19712 480
19757 19706 500
19751 19707 520
19754 19702 540
19754 19705 560
19752 19704 580
19757 19701 600
19759 19699 620
19757 19698 640
19756 19697 660
19754 19698 680
19758 19698 700
19756 19697 720
19761 19697 740
19760 19697 760
19762 19698 780
19767 19698 800
19770 19701 820
19768 19701 840
19782 19700 860
19778 19703 880
19782 19706 900
19781 19704 920
19787 19705 940
19789 19704 960
19786 19705 980
19785 19706 1000
19792 19708 1020
19802 19710 1040
19795 19711 1060
19808 19714 1080
19806 19716 1100
19808 19715 1120
19804 19716 1140
19823 19722 1160
19806 19725 1180
19807 19727 1200
19812 19731 1220
19813 19731 1240
19811 19733 1260
19821 19736 1280
19828 19733 1300
19834 19737 1320
19833 19746 1340
19829 19743 1360
19831 19743 1380
19829 19741 1400
19835 19742 1420
19840 19745 1440
19836 19747 1460
19847 19746 1480
19848 19745 1500
19851 19747 1520
19857 19753 1540
19855 19757 1560
19863 19759 1580
19856 19763 1600
19871 19759 1620
19876 19765 1640
19871 19771 1660
19871 19773 1680
19865 19772 1700
19876 19773 1720
19879 19780 1740
19884 19784 1760
19885 19787 1780
19874 19789 1800
19875 19790 1820
19866 19786 1840
19886 19794 1860
19885 19799 1880
19873 19800 1900
19880 19814 1920
19877 19819 1940
19867 19822 1960
19856 19825 1980
19856 19826 2000
19868 19829 2020
19862 19832 2040
19854 19833 2060
19862 19838 2080
19859 19837 2100
19858 19837 2120
19874 19837 2140
19883 19841 2160
19886 19843 2180
19900 19843 2200
19896 19844 2220
19898 19846 2240
19898 19850 2260
19897 19849 2280
19902 19853 2300
19893 19856 2320
19888 19860 2340
19888 19860 2360
19887 19858 2380
19897 19860 2400
19904 19857 2420
19904 19861 2440
19906 19872 2460
19906 19876 2480
19909 19877 2500
19910 19878 2520
19907 19875 2540
19916 19873 2560
19909 19874 2580
19931 19884 2600
19913 19881 2620
19920 19882 2640
19927 19891 2660
19924 19906 2680
19876 19896 2700
19928 19904 2720
19916 19912 2740
19902 19914 2760
19911 19917 2780
19893 19914 2800
19888 19909 2820
19896 19909 2840
19908 19914 2860
19905 19918 2880
19905 19920 2900
19896 19922 2920
19891 19925 2940
19884 19929 2960
19886 19938 2980
19884 19937 3000
19888 19944 3020
19897 19940 3040
19884 19943 3060
19889 19943 3080
19882 19944 3100
19874 19942 3120
19887 19943 3140
19899 19942 3160
19907 19942 3180
19904 19940 3200
19908 19940 3220
19922 19940 3240
19930 19945 3260
19935 19946 3280
19936 19950 3300
19942 19948 3320
19944 19949 3340
19949 19947 3360
19951 19949 3380
19949 19949 3400
19954 19946 3420
19957 19948 3440
19960 19947 3460
19960 19945 3480
19963 19944 3500
19962 19943 3520
19967 19944 3540
19971 19947 3560
19976 19948 3580
19972 19949 3600
19968 19951 3620
19966 19954 3640
19968 19953 3660
19970 19955 3680
19976 19957 3700
19972 19955 3720
19977 19955 3740
19979 19952 3760
19979 19953 3780
19985 19953 3800
19999 19954 3820
19985 19955 3840
19995 19956 3860
19987 19956 3880
19983 19957 3900
19985 19960 3920
19980 19961 3940
19980 19960 3960
19981 19961 3980
19982 19962 4000
19986 19962 4020
19987 19964 4040
19989 19963 4060
19992 19961 4080
19995 19959 4100
20000 19960 4120
20001 19963 4140
20001 19965 4160
19994 19966 4180
20001 19968 4200
19997 19967 4220
19996 19965 4240
20002 19965 4260
20001 19966 4280
20006 19966 4300
19998 19965 4320
20001 19964 4340
19998 19965 4360
19998 19967 4380
19996 19969 4400
19992 19967 4420
19989 19965 4440
19991 19967 4460
19983 19972 4480
19991 19971 4500
20000 19972 4520
20008 19976 4540
20015 19976 4560
20001 19972 4580
20001 19969 4600
19998 19972 4620
20003 19974 4640
19998 19976 4660
20005 19978 4680
20004 19975 4700
20021 19973 4720
20005 19970 4740
20009 19969 4760
20008 19973 4780
20002 19975 4800
19983 19976 4820
19995 19979 4840
19996 19981 4860
19998 19982 4880
19995 19983 4900
19993 19980 4920
19990 19977 4940
19989 19976 4960
19985 19977 4980
19984 19977 5000
19993 19978 5020
19994 19975 5040
19995 19980 5060
20010 19980 5080
20001 19980 5100
19998 19982 5120
19997 19983 5140
19999 19983 5160
20000 19985 5180
19998 19984 5200
20000 19986 5220
20005 19986 5240
20011 19991 5260
20016 19988 5280
20014 19987 5300
20018 19989 5320
20019 19991 5340
20023 19991 5360
20027 19994 5380
20027 19991 5400
20025 19989 5420
20027 20008 5440
20025 19991 5460
20009 19992 5480
20005 19986 5500
20012 19991 5520
20016 19986 5540
20014 19990 5560
20018 19990 5580
20014 19985 5600
20011 19988 5620
20017 19981 5640
20020 19984 5660
20025 19977 5680
20021 19993 5700
20023 19981 5720
20018 19976 5740
20012 19984 5760
20007 19982 5780
20001 19994 5800
20015 19984 5820
20000 19985 5840
20011 19990 5860
20005 19987 5880
20001 19985 5900
19999 19987 5920
19997 19985 5940
19996 19990 5960
19996 19991 5980
19999 19990 6000
19993 19990 6020
19996 19986 6040
19982 19993 6060
19994 19993 6080
19979 19993 6100
19973 19995 6120
19980 19995 6140
19980 19995 6160
19976 19996 6180
19973 19994 6200
19970 19993 6220
19970 19994 6240
19972 19990 6260
19970 19990 6280
19981 19990 6300
19979 19988 6320
19981 19991 6340
19981 19990 6360
19984 19992 6380
19985 19992 6400
19986 19991 6420
19984 19995 6440
19992 19995 6460
19994 19995 6480
19989 19996 6500
19996 19997 6520
19991 19996 6540
20005 19997 6560
20001 20001 6580
19998 19997 6600
19995 19997 6620
19994 19995 6640
19989 19996 6660
19989 19998 6680
19986 19998 6700
19983 19999 6720
19989 19998 6740
19995 19999 6760
19995 19996 6780
19990 19999 6800
19995 19997 6820
19992 19994 6840
19999 19997 6860
19993 19998 6880
19997 19997 6900
19998 19996 6920
19998 19997 6940
20001 20001 6960
19999 19998 6980
19999 19997 7000
20001 19999 7020
20012 19995 7040
20005 19994 7060
20011 19993 7080
20011 19999 7100
20018 19997 7120
20007 19996 7140
20004 19995 7160
20000 19994 7180
19996 19993 7200
19997 19995 7220
19998 19995 7240
20005 20003 7260
20006 19998 7280
20008 19997 7300
20009 19996 7320
20018 19997 7340
20001 19996 7360
20007 19997 7380
20007 19998 7400
20008 19996 7420
20008 19997 7440
20010 19998 7460
20008 20002 7480
20008 19999 7500
20007 19998 7520
20004 20001 7540
19996 19999 7560
20001 20001 7580
20011 20000 7600
20005 20002 7620
20002 20002 7640
20001 20001 7660
20002 19999 7680
19997 20000 7700
19996 19999 7720
19998 19999 7740
19998 19999 7760
20002 19997 7780
20004 19996 7800
20005 19998 7820
20002 19999 7840
20014 19996 7860
20009 19998 7880
20013 19996 7900
20016 19996 7920
20028 19999 7940
20014 20003 7960
20016 20004 7980
20014 20003 8000
20016 20003 8020
20011 20002 8040
20008 20003 8060
20009 20002 8080
20005 20001 8100
20008 20002 8120
20006 20001 8140
20008 19999 8160
20008 19998 8180
20010 19998 8200
20010 20000 8220
20009 20001 8240
20012 20003 8260
20012 20002 8280
20023 20005 8300
20010 20003 8320
20018 20002 8340
19999 20002 8360
19998 20002 8380
20003 20001 8400
19999 20002 8420
19996 20000 8440
20002 20001 8460
19998 20000 8480
20007 20001 8500
20006 20003 8520
20007 20003 8540
20003 20004 8560
19996 20002 8580
20009 20004 8600
19999 20002 8620
19996 20005 8640
19994 20002 8660
19994 20001 8680
19993 19998 8700
19996 19998 8720
19996 19997 8740
19997 19998 8760
19999 19997 8780
19997 19999 8800
20011 19997 8820
19999 20000 8840
20004 20001 8860
20006 20000 8880
20006 20000 8900
20005 19999 8920
20007 20003 8940
20002 19999 8960
20001 20004 8980
20003 20001 9000
20010 19997 9020
20001 20000 9040
20005 19998 9060
20015 20002 9080
20009 20000 9100
20010 20001 9120
20007 20002 9140
20009 20000 9160
20002 19999 9180
20006 20000 9200
20003 20002 9220
20004 20002 9240
20006 20001 9260
20006 20003 9280
20010 20000 9300
20008 20002 9320
20010 20000 9340
20007 20001 9360
20010 20001 9380
20003 20003 9400
20000 20006 9420
20002 20004 9440
19998 20005 9460
19999 20004 9480
19998 20002 9500
20003 20003 9520
20006 20002 9540
20019 20003 9560
20007 20003 9580
20015 20005 9600
20009 20005 9620
20008 20003 9640
20004 20004 9660
20006 20003 9680
20002 20002 9700
20002 20003 9720
20005 20002 9740
20001 20004 9760
20005 20004 9780
20005 20005 9800
19998 20004 9820
19998 20005 9840
20013 20004 9860
19998 20005 9880
19998 20004 9900
20001 20006 9920
20000 20007 9940
20002 20005 9960
20000 20004 9980
19998 20004 10000
19998 20004 10020
20002 20005 10040
20001 20004 10060
20006 20004 10080
19997 20005 10100
20004 20004 10120
19996 20007 10140
19993 20005 10160
19997 20004 10180
20000 20005 10200
20000 20003 10220
19999 20004 10240
20002 20003 10260
20003 20005 10280
20004 20005 10300
20003 20005 10320
20013 20008 10340
20003 20009 10360
20010 20008 10380
20003 20009 10400
20003 20006 10420
19998 20006 10440
19998 20004 10460
20002 20003 10480
20000 20003 10500
19997 20002 10520
20004 20005 10540
20003 20003 10560
20004 20002 10580
20006 20002 10600
19998 20002 10620
20003 20003 10640
19998 20003 10660
20001 20004 10680
19999 20004 10700
19997 20004 10720
19998 20006 10740
19996 20003 10760
20000 20002 10780
19997 20002 10800
19995 20003 10820
19995 20002 10840
20009 20002 10860
19993 20001 10880
20008 19999 10900
20001 19998 10920
19999 19999 10940
20002 19999 10960
20001 20001 10980
20002 19998 11000
20001 19998 11020
19998 20000 11040
19999 19996 11060
20011 19991 11080
20008 19993 11100
20013 19993 11120
20014 19995 11140
20027 19999 11160
20020 19998 11180
20020 19999 11200
20014 19999 11220
20008 20001 11240
20001 20001 11260
19991 20002 11280
19981 20000 11300
19973 19999 11320
19974 19998 11340
19962 19998 11360
19968 19998 11380
19979 19994 11400
19986 19996 11420
19990 19994 11440
19998 19994 11460
20003 19999 11480
20015 19996 11500
20024 19992 11520
20038 19991 11540
20051 19988 11560
20062 19982 11580
20081 19979 11600
20084 19977 11620
20093 19975 11640
20093 19976 11660
20089 19981 11680
20088 19981 11700
20083 19983 11720
20080 19985 11740
20080 19986 11760
20075 19987 11780
20076 19984 11800
20084 19985 11820
20070 19989 11840
20077 19991 11860
20062 19991 11880
20066 19989 11900
20054 19989 11920
20055 19987 11940
20061 19981 11960
20059 19980 11980
20069 19981 12000
20063 19980 12020
20057 19984 12040
20056 19983 12060
20061 19987 12080
20055 19987 12100
20060 19989 12120
20058 19988 12140
20060 19991 12160
20054 19993 12180
20052 19995 12200
20041 19999 12220
20026 19998 12240
20026 20001 12260
20017 20000 12280
20011 20000 12300
20003 19999 12320
20008 20000 12340
20004 19997 12360
20008 19996 12380
20004 19997 12400
19999 19997 12420
19998 19998 12440
19993 19999 12460
19995 20000 12480
19988 20001 12500
19991 20000 12520
19994 19998 12540
20003 19999 12560
19993 20000 12580
20003 20001 12600
19995 20002 12620
19999 20002 12640
19989 20003 12660
19988 20003 12680
19989 20001 12700
19992 20001 12720
19991 20001 12740
19990 20000 12760
19987 19999 12780
19990 19994 12800
19994 19994 12820
19991 19996 12840
19999 20000 12860
19986 20003 12880
20001 20007 12900
19996 20011 12920
19997 20016 12940
19987 20011 12960
19985 20008 12980
19990 20011 13000
19994 20018 13020
19998 20021 13040
19993 20019 13060
19994 20012 13080
19991 20009 13100
19998 20007 13120
19990 20005 13140
19990 20007 13160
19990 20007 13180
19993 20010 13200
19981 20009 13220
19979 20014 13240
19973 20014 13260
19974 20006 13280
19996 20002 13300
19990 20004 13320
19996 20006 13340
19983 20006 13360
19986 20008 13380
19988 20009 13400
19989 20011 13420
19983 20015 13440
19980 20016 13460
19982 20019 13480
19980 20020 13500
19984 20024 13520
19954 20026 13540
19932 20028 13560
19951 20027 13580
19960 20020 13600
19974 20016 13620
19981 20009 13640
19977 20009 13660
19973 20006 13680
19970 20004 13700
19960 20006 13720
19957 20009 13740
19953 20012 13760
19964 20014 13780
19949 20015 13800
19958 20015 13820
19958 20015 13840
19953 20015 13860
19960 20009 13880
19962 20008 13900
19964 20006 13920
19970 20004 13940
19972 20005 13960
19969 20008 13980
19959 20010 14000
19961 20011 14020
19967 20008 14040
19963 20005 14060
19966 20001 14080
19973 19995 14100
19980 19992 14120
19992 19992 14140
20008 19995 14160
20023 20001 14180
20027 20011 14200
20021 20018 14220
20013 20022 14240
20000 20027 14260
19986 20021 14280
19984 20024 14300
19982 20018 14320
19987 20017 14340
19990 20014 14360
20005 20014 14380
20018 20012 14400
20028 20011 14420
20027 20010 14440
20030 20006 14460
20026 20007 14480
20030 20006 14500
20024 20003 14520
20017 20006 14540
20028 20007 14560
20014 20009 14580
20021 20008 14600
20015 20010 14620
20016 20010 14640
20019 20013 14660
20017 20016 14680
20013 20016 14700
20004 20019 14720
20002 20021 14740
19996 20022 14760
19993 20018 14780
19981 20019 14800
19976 20016 14820
19970 20015 14840
19966 20009 14860
19960 20004 14880
19958 20004 14900
19968 19999 14920
19974 19995 14940
19973 19997 14960
19982 19997 14980
19983 19998 15000
19979 19999 15020
19991 19999 15040
19990 20004 15060
20005 20002 15080
19998 20005 15100
19997 20005 15120
19995 20003 15140
19995 20005 15160
19994 20010 15180
19995 20005 15200
19995 20002 15220
19996 20001 15240
19999 20003 15260
20002 19998 15280
20010 19996 15300
20012 19993 15320
20016 19990 15340
20007 19989 15360
20005 19986 15380
20010 19982 15400
20018 19981 15420
20034 19985 15440
20040 19987 15460
20045 19991 15480
20046 19998 15500
20052 20005 15520
20034 20004 15540
20039 20009 15560
20027 20009 15580
20023 20004 15600
20030 20007 15620
20033 20002 15640
20029 19999 15660
20030 19993 15680
20023 19993 15700
20028 19990 15720
20021 19988 15740
20015 19986 15760
20016 19990 15780
20002 19987 15800
20007 19988 15820
19991 19987 15840
19987 19990 15860
19984 20002 15880
19981 20006 15900
19978 19997 15920
19973 19993 15940
19973 20000 15960
19973 19999 15980
19973 19997 16000
19972 19996 16020
19976 20007 16040
19976 20007 16060
19973 20015 16080
19971 20004 16100
19967 20004 16120
19962 20007 16140
19958 20008 16160
19949 20009 16180
19960 20011 16200
19947 20015 16220
19950 20018 16240
19969 20016 16260
19969 20016 16280
19965 20016 16300
19989 20015 16320
20007 20013 16340
20018 20010 16360
20027 20006 16380
20030 20006 16400
20033 20010 16420
20027 20012 16440
20015 20015 16460
20010 20017 16480
20006 20015 16500
20002 20015 16520
19992 20015 16540
19998 20010 16560
20004 20006 16580
20002 20000 16600
20017 19998 16620
20011 20001 16640
20002 20010 16660
19990 20017 16680
19980 20022 16700
19977 20029 16720
19970 20031 16740
19971 20032 16760
19975 20029 16780
19965 20027 16800
19974 20026 16820
19965 20021 16840
19960 20020 16860
19962 20020 16880
19963 20018 16900
19969 20018 16920
19977 20018 16940
19971 20016 16960
19979 20017 16980
19969 20016 17000
19976 20012 17020
19974 20010 17040
19984 20009 17060
19985 20011 17080
19990 20007 17100
20004 20005 17120
19996 19999 17140
20001 19995 17160
20010 19992 17180
20011 19989 17200
20022 19988 17220
20026 19993 17240
20027 19997 17260
20034 19989 17280
20053 19993 17300
20027 19989 17320
20044 19994 17340
20031 19996 17360
20028 19998 17380
20025 20004 17400
20018 20001 17420
20013 20008 17440
19990 20013 17460
19981 20013 17480
19972 20013 17500
19973 20017 17520
19978 20009 17540
19987 20010 17560
19975 20014 17580
19978 20010 17600
19975 20005 17620
19964 20006 17640
19963 20006 17660
19968 20009 17680
19976 20007 17700
19981 20002 17720
19978 20004 17740
19980 20005 17760
19983 20006 17780
19974 20007 17800
19988 20005 17820
20006 20003 17840
20019 20003 17860
20030 19998 17880
20041 19994 17900
20048 19992 17920
20046 19994 17940
20049 19994 17960
20050 19994 17980
20045 19995 18000
20042 19996 18020
20049 19992 18040
20046 19997 18060
20047 19993 18080
20040 19988 18100
20046 19990 18120
20036 19994 18140
20029 19999 18160
20018 20000 18180
20028 20002 18200
20008 20001 18220
19999 20000 18240
20009 20000 18260
20006 19998 18280
20000 19996 18300
20015 19997 18320
20020 19993 18340
20024 19993 18360
20025 19990 18380
20027 19987 18400
20029 19984 18420
20029 19985 18440
20021 19989 18460
20010 19996 18480
20008 19999 18500
20008 20000 18520
19998 20003 18540
20009 20002 18560
20006 19999 18580
20003 19998 18600
20009 19998 18620
20010 19999 18640
20007 20005 18660
20001 20008 18680
19988 20012 18700
19987 20016 18720
19976 20013 18740
19981 20014 18760
19983 20016 18780
19980 20017 18800
19983 20016 18820
19978 20017 18840
19979 20016 18860
19973 20011 18880
19977 20012 18900
19977 20012 18920
19976 20015 18940
19974 20013 18960
19973 20012 18980
19972 20010 19000
19979 20010 19020
19988 20010 19040
19984 20009 19060
19987 20010 19080
19981 20008 19100
19990 20007 19120
19989 20008 19140
19985 20012 19160
19982 20008 19180
19994 20009 19200
19979 20010 19220
19982 20011 19240
19984 20012 19260
19982 20007 19280
19997 20005 19300
19985 20007 19320
19991 20004 19340
19996 20005 19360
19999 20001 19380
20006 19998 19400
20007 19997 19420
20013 20000 19440
20011 20001 19460
20018 19999 19480
20019 20001 19500
20026 20001 19520
20021 20001 19540
20024 20001 19560
20026 20001 19580
20039 20001 19600
20029 20001 19620
20030 20000 19640
20027 20001 19660
20027 20001 19680
20024 20000 19700
20021 19999 19720
20022 19998 19740
20019 20019 19760
20029 19999 19780
20027 19996 19800
20036 19997 19820
20028 19998 19840
20028 20000 19860
20025 20000 19880
20019 20001 19900
20015 19999 19920
20007 19998 19940
20012 19998 19960
20013 19998 19980
20023 19998 20000
