19991 19996 20
19993 19998 40
20000 20003 60
20020 20002 80
20008 20001 100
19999 20002 120
19997 20002 140
19989 20003 160
19990 20006 180
19990 20005 200
19995 20007 220
19999 20001 240
20000 19996 260
19997 19995 280
20001 19998 300
20009 19996 320
20003 19996 340
20007 20001 360
20003 20000 380
20003 19990 400
20003 19995 420
20005 20010 440
20006 20000 460
19999 20003 480
19996 19995 500
19999 19999 520
19996 19991 540
19996 19993 560
19998 20000 580
20003 20020 600
20002 20008 620
20001 19999 640
20002 19997 660
20002 19989 680
20003 19990 700
20006 19990 720
20005 19995 740
20007 19999 760
20001 20000 780
19996 19997 800
19995 20001 820
19998 20009 840
19996 20000 860
19995 20000 880
19995 19994 900
19995 19994 920
20003 19995 940
20009 20007 960
20003 19996 980
20007 20001 1000
20003 20000 1020
20003 19990 1040
20003 19995 1060
20005 20010 1080
20006 20007 1100
20002 19995 1120
20002 20001 1140
20004 20004 1160
20004 19992 1180
20002 19992 1200
20002 19989 1220
20005 19991 1240
20005 19994 1260
20005 19992 1280
20004 20004 1300
20007 19997 1320
20003 19995 1340
20002 19989 1360
20001 20010 1380
20002 19996 1400
20002 19991 1420
20002 19997 1440
20001 19997 1460
20001 19996 1480
20001 19998 1500
19999 20001 1520
19997 19997 1540
20001 19996 1560
20001 19995 1580
20004 19999 1600
20003 20007 1620
20001 20003 1640
20001 19993 1660
20003 19988 1680
20004 19988 1700
19999 19996 1720
19994 20006 1740
19993 20009 1760
19996 20015 1780
19999 20005 1800
19999 20002 1820
19999 19998 1840
19998 20009 1860
20002 20006 1880
20001 20002 1900
19999 20003 1920
19998 19996 1940
20001 20012 1960
19999 20004 1980
20027 20062 2000
20012 20031 2020
20012 20020 2040
20001 19991 2060
19997 19989 2080
19998 20002 2100
20008 20006 2120
20003 19992 2140
20005 19994 2160
20005 20016 2180
20002 20010 2200
19998 19991 2220
20005 19995 2240
20003 19998 2260
20004 19995 2280
20003 19995 2300
20003 19992 2320
20001 19998 2340
20006 20000 2360
20002 19994 2380
20004 19982 2400
20006 20001 2420
20014 19999 2440
20015 19999 2460
20014 20011 2480
20009 20005 2500
20004 19988 2520
20001 19989 2540
20004 19999 2560
20001 20001 2580
20005 19994 2600
20006 19986 2620
20007 19996 2640
20006 19987 2660
20006 19996 2680
20004 19992 2700
20026 20035 2720
20010 20021 2740
20018 20040 2760
20004 20018 2780
20008 20019 2800
20005 20022 2820
20018 20038 2840
19997 19999 2860
19998 20011 2880
19993 20028 2900
19990 20011 2920
19995 20022 2940
19994 20007 2960
19993 20011 2980
19995 20000 3000
19996 20002 3020
20005 20010 3040
20004 20014 3060
20010 20014 3080
19998 19998 3100
19996 19996 3120
19996 20006 3140
19997 20000 3160
19995 19995 3180
19995 19988 3200
20003 19992 3220
19999 19997 3240
20001 19990 3260
20001 19989 3280
19995 19999 3300
19999 19996 3320
19992 20006 3340
19999 20003 3360
19997 20010 3380
19997 20002 3400
19997 20005 3420
19998 20005 3440
20001 20018 3460
20003 20008 3480
20005 20005 3500
20004 20000 3520
20003 19999 3540
20004 20000 3560
20004 20002 3580
20005 20002 3600
20006 19999 3620
20006 20007 3640
20006 19998 3660
20006 19996 3680
20004 20006 3700
20004 20001 3720
20002 20000 3740
20003 20003 3760
20003 20020 3780
20001 20011 3800
19999 20011 3820
19998 20009 3840
19998 20016 3860
20000 20013 3880
20003 20012 3900
20002 20015 3920
20002 20025 3940
20001 20018 3960
20000 20017 3980
20002 20015 4000
20003 20024 4020
20003 20013 4040
20002 20007 4060
20002 20007 4080
20003 20005 4100
20003 20008 4120
20004 19998 4140
20003 19992 4160
20005 20002 4180
20011 19995 4200
20010 19997 4220
20023 20022 4240
20013 20008 4260
20026 20035 4280
20017 20014 4300
20021 20019 4320
20018 20017 4340
20022 20029 4360
20011 20003 4380
20024 20031 4400
20011 20012 4420
20011 19999 4440
20005 19995 4460
20010 20013 4480
20006 20006 4500
20022 20031 4520
20008 20010 4540
20019 20036 4560
20005 20005 4580
20017 20031 4600
20005 20012 4620
20010 20021 4640
20000 20002 4660
20015 20026 4680
19999 20003 4700
19998 19992 4720
19990 19984 4740
19992 19967 4760
19991 19970 4780
19991 19964 4800
19993 19967 4820
19995 19977 4840
20001 20004 4860
20012 20025 4880
20001 20006 4900
20018 20036 4920
19999 19999 4940
20009 20015 4960
19998 19998 4980
20007 20020 5000
20002 20009 5020
20009 20027 5040
19996 20000 5060
20001 19997 5080
19995 19993 5100
20015 20034 5120
19999 20000 5140
20003 19999 5160
19993 19977 5180
20007 20017 5200
19995 19991 5220
20013 20022 5240
19999 19996 5260
20016 20025 5280
19998 19992 5300
20014 20026 5320
19995 19995 5340
20007 20014 5360
19993 19990 5380
20011 20016 5400
19998 20009 5420
20011 20030 5440
19998 20002 5460
20010 20022 5480
19994 19997 5500
20001 19996 5520
19988 19976 5540
19999 20002 5560
19993 19996 5580
20008 20022 5600
19997 19996 5620
20010 20024 5640
19995 19988 5660
20011 20008 5680
19993 19985 5700
20004 20001 5720
19992 19984 5740
20010 20022 5760
19996 19992 5780
20005 20013 5800
19993 19991 5820
20007 20022 5840
19993 19997 5860
20010 20022 5880
19992 19993 5900
20010 20018 5920
19995 19989 5940
20009 20014 5960
19993 19984 5980
20008 20017 6000
19991 19981 6020
20007 20015 6040
19991 19980 6060
20008 20013 6080
19991 19983 6100
19986 19961 6120
19978 19948 6140
19982 19955 6160
19985 19967 6180
19996 19979 6200
19993 19967 6220
20000 19990 6240
19997 19982 6260
20012 20028 6280
19995 19985 6300
20011 20019 6320
19995 19984 6340
20010 20018 6360
19995 19986 6380
20012 20020 6400
19995 19990 6420
20013 20019 6440
19997 19988 6460
20010 20018 6480
19992 19982 6500
20007 20013 6520
19995 19977 6540
20011 20014 6560
19996 19984 6580
20012 20012 6600
19995 19985 6620
20009 20021 6640
19990 19987 6660
20007 20022 6680
19989 19989 6700
20007 20025 6720
19992 19985 6740
20011 20028 6760
19992 19986 6780
20007 20011 6800
19992 19986 6820
20009 20021 6840
19995 19993 6860
20008 20020 6880
19994 19993 6900
20009 20016 6920
19993 19988 6940
20007 20019 6960
19993 19993 6980
20007 20013 7000
19989 19982 7020
20006 20017 7040
19987 19977 7060
20005 20012 7080
19987 19975 7100
20010 20013 7120
19993 19980 7140
20011 20011 7160
19991 19970 7180
19983 19951 7200
19980 19960 7220
20004 19990 7240
19989 19976 7260
20004 20008 7280
19991 19982 7300
20010 20021 7320
19991 19980 7340
20010 20019 7360
19991 19979 7380
20005 20014 7400
19988 19980 7420
20006 20014 7440
19989 19977 7460
20005 20008 7480
19989 19971 7500
20009 20010 7520
19994 19982 7540
20007 20015 7560
19990 19979 7580
20008 20016 7600
19994 19986 7620
20012 20024 7640
19989 19981 7660
20006 20015 7680
19987 19980 7700
20008 20018 7720
19989 19979 7740
20008 20015 7760
19987 19975 7780
20003 20008 7800
19987 19976 7820
19987 19964 7840
19984 19967 7860
19991 19987 7880
19987 19979 7900
20003 20018 7920
19990 19987 7940
20001 20013 7960
19990 19984 7980
20002 20008 8000
19989 19981 8020
20005 20008 8040
19989 19975 8060
20002 19999 8080
19991 19978 8100
20007 20019 8120
19997 19988 8140
20013 20017 8160
19995 19986 8180
20005 20013 8200
19990 19989 8220
19995 20004 8240
19986 19985 8260
19980 19961 8280
19984 19971 8300
20008 20020 8320
19995 19990 8340
20015 20025 8360
19999 19997 8380
20015 20027 8400
19996 19995 8420
20009 20021 8440
19989 19990 8460
20006 20022 8480
19993 19997 8500
20009 20024 8520
19994 19989 8540
20010 20021 8560
19992 19996 8580
20007 20028 8600
19992 19991 8620
20004 20022 8640
19988 19986 8660
20003 20011 8680
19993 19985 8700
20013 20018 8720
19996 19985 8740
20008 20013 8760
19994 19988 8780
19984 19954 8800
19982 19966 8820
20001 20014 8840
19991 19985 8860
20010 20016 8880
19996 19983 8900
20017 20020 8920
20003 19985 8940
20019 20019 8960
19999 19979 8980
20012 20013 9000
19993 19981 9020
20009 20017 9040
19992 19984 9060
20009 20021 9080
19995 19993 9100
20012 20021 9120
19995 19988 9140
20003 20004 9160
19994 19985 9180
20014 20029 9200
19992 19985 9220
20009 20023 9240
19994 19992 9260
19985 19963 9280
19984 19968 9300
19987 19965 9320
19988 19968 9340
20016 20028 9360
20001 19999 9380
20001 19996 9400
19986 19971 9420
19987 19970 9440
19986 19982 9460
19989 19971 9480
19991 19970 9500
19990 19973 9520
19993 19981 9540
19995 19976 9560
19993 19968 9580
19997 19976 9600
19995 19985 9620
20010 20014 9640
20002 19996 9660
20002 19988 9680
19998 19995 9700
19996 19978 9720
20000 19989 9740
20017 20035 9760
20009 20007 9780
20025 20041 9800
20005 19995 9820
20005 19996 9840
20000 19989 9860
20006 20001 9880
20002 19999 9900
20009 20013 9920
20000 19999 9940
20003 20001 9960
19998 19993 9980
19996 19987 10000
19990 19987 10020
19989 19978 10040
19986 19968 10060
19991 19985 10080
19994 19998 10100
20001 20010 10120
19998 20003 10140
20008 20030 10160
19994 19997 10180
20005 20008 10200
19999 19997 10220
19994 19983 10240
19995 19995 10260
19994 19985 10280
19994 19980 10300
20000 19991 10320
20001 20002 10340
19997 19986 10360
19997 19992 10380
20009 20022 10400
20001 20016 10420
20005 20016 10440
19999 20000 10460
20005 20011 10480
20002 20003 10500
20001 19994 10520
19996 19990 10540
19998 19992 10560
19999 20005 10580
20023 20047 10600
20005 20013 10620
20004 20014 10640
19998 20005 10660
20000 20001 10680
19999 19994 10700
20004 20002 10720
19998 19994 10740
20000 19991 10760
20002 19990 10780
20006 20002 10800
20006 20002 10820
20007 19995 10840
20006 19997 10860
20000 19986 10880
20000 20004 10900
20012 20031 10920
20006 20011 10940
20000 20000 10960
19997 20002 10980
19999 19997 11000
19998 19992 11020
20003 20001 11040
20002 20009 11060
20004 20006 11080
20003 20003 11100
20003 20002 11120
20003 20007 11140
20005 20003 11160
20012 20026 11180
20028 20064 11200
20011 20032 11220
20008 20018 11240
20003 20012 11260
20010 20027 11280
20003 20018 11300
20001 20005 11320
19997 19995 11340
20001 20002 11360
20000 20010 11380
20002 20000 11400
20000 19999 11420
20012 20022 11440
20002 20011 11460
20013 20025 11480
20002 20004 11500
20012 20030 11520
20002 20010 11540
20001 20007 11560
19999 20007 11580
20003 20008 11600
20001 20019 11620
20002 20008 11640
20004 20005 11660
20005 19998 11680
20002 19999 11700
20000 19985 11720
19998 19983 11740
19994 19983 11760
19993 19983 11780
19995 19993 11800
19993 19997 11820
20005 20026 11840
19999 20023 11860
20006 20033 11880
19993 20014 11900
19995 20022 11920
19993 20022 11940
20008 20038 11960
19997 20024 11980
20022 20063 12000
20013 20024 12020
20007 20005 12040
20009 20019 12060
20019 20043 12080
20007 20019 12100
20007 20007 12120
20005 19998 12140
20010 19994 12160
20012 19999 12180
20020 20004 12200
20017 20007 12220
20021 20020 12240
20011 20017 12260
20004 20003 12280
19998 20004 12300
19997 19993 12320
20004 20008 12340
20006 19994 12360
20005 19990 12380
20009 19989 12400
20008 20006 12420
20003 19989 12440
20000 19989 12460
20003 19993 12480
20000 20004 12500
19994 19996 12520
19992 19990 12540
20019 20028 12560
20004 20004 12580
20014 20012 12600
20002 19990 12620
20003 19998 12640
19998 19993 12660
20010 20018 12680
19995 19985 12700
19994 19981 12720
19997 19977 12740
20001 19985 12760
20000 19989 12780
19998 19987 12800
19996 19998 12820
19993 19989 12840
19992 19987 12860
19996 19981 12880
20001 20009 12900
20010 20006 12920
20003 19996 12940
20006 19993 12960
20008 20011 12980
20014 20018 13000
19998 19988 13020
20001 19993 13040
20002 20008 13060
20000 19993 13080
20004 19998 13100
20005 20005 13120
20003 20000 13140
20003 20003 13160
20007 20005 13180
20006 20012 13200
20003 20005 13220
20001 20004 13240
20001 20003 13260
19999 19996 13280
20004 20009 13300
20009 20006 13320
20003 20009 13340
20030 20062 13360
20012 20042 13380
20002 19995 13400
20001 19999 13420
20003 19993 13440
20003 20002 13460
20006 19993 13480
20003 19989 13500
20002 19991 13520
20005 20013 13540
20009 20011 13560
20002 19995 13580
20003 19993 13600
20006 20003 13620
20012 20011 13640
20010 20001 13660
20012 20008 13680
20006 20001 13700
20010 20021 13720
20004 20002 13740
20000 19998 13760
19999 20003 13780
19997 19989 13800
19998 19983 13820
19998 19986 13840
20000 19999 13860
19999 19990 13880
20001 19990 13900
20002 19983 13920
20004 19997 13940
20005 19997 13960
20003 20004 13980
20027 20052 14000
20009 20019 14020
20005 20007 14040
20001 19991 14060
20000 19988 14080
20001 20001 14100
20023 20052 14120
20008 20008 14140
20015 20035 14160
20000 20005 14180
19997 19998 14200
19997 19989 14220
19997 19987 14240
20001 20001 14260
19999 19990 14280
20001 19989 14300
20007 20008 14320
20005 20016 14340
20005 20009 14360
19999 20013 14380
19997 20008 14400
20000 20026 14420
19999 20003 14440
19996 19995 14460
20019 20048 14480
20006 20009 14500
20001 19991 14520
20003 19995 14540
19999 19983 14560
20003 20000 14580
20005 19998 14600
20001 20005 14620
20021 20034 14640
20007 20008 14660
19998 20001 14680
19993 19989 14700
19995 19995 14720
19995 20003 14740
19993 19993 14760
19996 19991 14780
20001 19996 14800
20005 20008 14820
20002 19998 14840
20000 19997 14860
20002 19995 14880
20001 20012 14900
19997 19992 14920
19997 19989 14940
20001 19994 14960
20002 20008 14980
20000 19997 15000
20005 20006 15020
20000 19998 15040
20002 20016 15060
19998 19998 15080
19998 19998 15100
19996 20001 15120
19997 19992 15140
19999 19995 15160
20000 19992 15180
20003 19998 15200
20004 20006 15220
20005 20002 15240
19999 19998 15260
19998 20000 15280
19998 20011 15300
19998 20003 15320
19998 20003 15340
20000 20008 15360
20003 20021 15380
20002 20008 15400
20004 20003 15420
20002 19998 15440
20005 20007 15460
20003 19998 15480
20003 19995 15500
20000 19996 15520
20005 20012 15540
20019 20051 15560
20008 20018 15580
19999 19998 15600
20004 20017 15620
20001 20007 15640
19999 19997 15660
19999 20001 15680
20002 20006 15700
20000 19999 15720
20000 19993 15740
20000 19994 15760
20003 20008 15780
20001 19995 15800
20003 20000 15820
20003 19998 15840
20000 19997 15860
19999 19997 15880
19998 19993 15900
19999 19992 15920
20002 20005 15940
20004 20005 15960
20002 20006 15980
20006 20001 16000
20005 20012 16020
20003 20001 16040
20001 20002 16060
20003 20000 16080
20003 20012 16100
20002 20000 16120
20003 19995 16140
20007 20010 16160
20007 20008 16180
20008 20005 16200
20002 19999 16220
20003 20003 16240
20003 20013 16260
20003 20002 16280
20002 19993 16300
20005 19998 16320
20007 19999 16340
20006 19996 16360
20006 19997 16380
20005 19997 16400
20003 19996 16420
20006 20004 16440
20005 20009 16460
20003 20003 16480
20006 20017 16500
20004 20008 16520
20002 20001 16540
20000 20002 16560
20000 20000 16580
19999 20000 16600
20001 20000 16620
20003 20009 16640
20008 20011 16660
20007 20007 16680
20006 20002 16700
20004 20007 16720
20005 20017 16740
20002 20011 16760
20001 20005 16780
20002 20002 16800
20004 20003 16820
20005 20004 16840
20004 20005 16860
20003 20001 16880
20006 20014 16900
20005 20002 16920
20006 20004 16940
20004 20003 16960
20007 20015 16980
20009 20010 17000
20006 20001 17020
20004 20003 17040
20004 20001 17060
20006 20009 17080
20004 19999 17100
20002 20003 17120
20004 20000 17140
20005 20005 17160
20001 20003 17180
20002 20006 17200
20006 20016 17220
20004 20003 17240
20004 20004 17260
20006 20006 17280
20006 20011 17300
20006 20006 17320
20006 20009 17340
20004 19997 17360
20006 20009 17380
20004 20000 17400
20002 20000 17420
20001 20000 17440
20005 20013 17460
20004 20006 17480
20006 20002 17500
20003 20007 17520
20003 20015 17540
20007 20017 17560
20009 20016 17580
20002 19997 17600
20006 20006 17620
20002 19995 17640
20004 19994 17660
20004 19994 17680
20007 20002 17700
20001 19991 17720
19999 19987 17740
19999 20002 17760
20000 19993 17780
20000 19991 17800
20000 20003 17820
20004 19997 17840
20003 19994 17860
20006 20004 17880
20003 19995 17900
20003 19994 17920
20005 20003 17940
20006 20001 17960
20008 20005 17980
20005 19997 18000
20007 20004 18020
20007 19993 18040
20005 19992 18060
20005 19994 18080
20006 19999 18100
20003 19998 18120
20002 19992 18140
20006 19996 18160
20008 20009 18180
20009 20004 18200
20013 20009 18220
20006 19992 18240
20009 20003 18260
20005 19992 18280
20003 19990 18300
20005 19994 18320
20008 20014 18340
20005 19997 18360
20005 20002 18380
20008 20001 18400
20009 20014 18420
20006 20007 18440
20002 20000 18460
19998 19998 18480
19999 19999 18500
19999 20001 18520
20000 19998 18540
20000 19993 18560
20001 20000 18580
20001 20003 18600
20002 20003 18620
20002 20004 18640
20003 20015 18660
20000 20007 18680
19999 20003 18700
20001 20002 18720
20000 20000 18740
20003 19999 18760
20002 20002 18780
20004 20002 18800
20004 20010 18820
20000 19999 18840
20000 20003 18860
20001 19996 18880
20003 20015 18900
20000 20001 18920
20001 19997 18940
20000 20001 18960
20002 20004 18980
20001 20003 19000
20001 20002 19020
20000 20004 19040
20004 20018 19060
20002 20012 19080
20001 20009 19100
19999 20007 19120
20004 20016 19140
20003 20011 19160
20004 20002 19180
20004 19999 19200
20003 20003 19220
20004 20005 19240
20003 20002 19260
20003 20000 19280
20006 20014 19300
20002 20006 19320
20001 20010 19340
20004 20016 19360
20004 20027 19380
20002 20004 19400
20005 20017 19420
20002 20008 19440
20005 20023 19460
20006 20011 19480
20001 20012 19500
20005 20008 19520
20008 20012 19540
20002 20000 19560
20003 19994 19580
20002 19998 19600
20007 20011 19620
20003 20008 19640
20002 20001 19660
20007 20007 19680
20008 20019 19700
20008 20014 19720
20000 19995 19740
20000 20009 19760
20004 20001 19780
20003 19997 19800
20004 20006 19820
20023 20053 19840
20008 20009 19860
20006 20004 19880
20000 19994 19900
19998 19990 19920
19999 19992 19940
19995 19991 19960
19997 19992 19980
19999 19992 20000
19999 19989 20020
19998 19992 20040
20000 19994 20060
20000 19999 20080
20006 20004 20100
20003 20002 20120
20001 19992 20140
20005 19987 20160
20000 19993 20180
20007 19990 20200
20001 19997 20220
20009 19985 20240
20001 20001 20260
20002 19992 20280
20006 19999 20300
20000 20000 20320
20010 20005 20340
19998 20003 20360
20003 19991 20380
20000 20002 20400
20001 19995 20420
20003 19996 20440
20001 19998 20460
20006 19996 20480
20007 20008 20500
20005 19993 20520
20001 19997 20540
20000 19992 20560
20004 20006 20580
20001 19998 20600
20002 19997 20620
20002 20000 20640
20003 19994 20660
20001 19999 20680
20000 19995 20700
20002 20000 20720
20006 20008 20740
20005 20001 20760
20009 20008 20780
20005 20004 20800
20009 20018 20820
20012 20019 20840
20009 20021 20860
20005 19998 20880
20004 20017 20900
20001 19998 20920
20001 20001 20940
20001 19998 20960
20005 20010 20980
20002 20001 21000
20002 19996 21020
20004 19996 21040
20003 19996 21060
20001 19996 21080
20003 19992 21100
20003 20000 21120
20003 19989 21140
20006 19992 21160
20005 19998 21180
20028 20051 21200
20011 20021 21220
20017 20034 21240
20007 20018 21260
20003 20007 21280
20002 20008 21300
20003 20010 21320
20009 20036 21340
20017 20043 21360
20007 20026 21380
20011 20028 21400
20003 20012 21420
20001 19999 21440
20004 20003 21460
19998 19995 21480
19997 19992 21500
19997 19989 21520
20003 20006 21540
20003 20009 21560
20002 20000 21580
20009 20033 21600
20006 20014 21620
20000 20012 21640
19996 19995 21660
19995 19997 21680
20000 20011 21700
19998 20003 21720
19998 20001 21740
19997 19998 21760
20003 20013 21780
20003 20014 21800
20007 20020 21820
20004 20011 21840
20001 20020 21860
19999 20001 21880
19998 20005 21900
20003 20006 21920
20011 20027 21940
20019 20041 21960
20011 20025 21980
20013 20034 22000
20009 20024 22020
20015 20037 22040
20008 20010 22060
19997 19992 22080
19999 19999 22100
19997 19995 22120
19996 19989 22140
19996 19988 22160
19999 20000 22180
19996 19988 22200
19994 19987 22220
19996 19996 22240
20002 20011 22260
20006 20003 22280
19998 19991 22300
19997 19990 22320
19997 19987 22340
19996 19986 22360
19998 19989 22380
19999 19984 22400
20003 19997 22420
20001 19989 22440
20002 19992 22460
20013 20021 22480
20010 20010 22500
20010 20010 22520
20005 20002 22540
20008 20023 22560
20004 20019 22580
20006 20017 22600
20000 20009 22620
20007 20015 22640
20003 20002 22660
20001 19995 22680
19997 19987 22700
19995 19985 22720
20001 19996 22740
19998 19987 22760
19999 19984 22780
19999 19982 22800
19999 19987 22820
19998 19991 22840
19997 19997 22860
19997 19985 22880
20000 20007 22900
20000 19997 22920
19997 19992 22940
19999 19995 22960
20001 20013 22980
20003 19999 23000
20009 20015 23020
20003 19997 23040
20002 19997 23060
20001 19990 23080
19999 19987 23100
19999 19989 23120
19999 19986 23140
20000 19991 23160
19999 19991 23180
19999 19997 23200
20003 20007 23220
20001 20000 23240
19999 19996 23260
20000 19998 23280
20003 20009 23300
20001 19999 23320
19999 20004 23340
20000 19997 23360
19999 20002 23380
20001 19998 23400
20003 19994 23420
20003 19999 23440
20006 20007 23460
20004 19999 23480
20007 20008 23500
20017 20029 23520
20011 20027 23540
20021 20045 23560
20010 20019 23580
20007 20013 23600
20005 20002 23620
20003 20001 23640
20002 19993 23660
20001 19996 23680
20002 20004 23700
20005 20003 23720
20000 19994 23740
19996 19996 23760
19999 19992 23780
19999 20004 23800
20002 19996 23820
20010 20024 23840
20006 20020 23860
20000 20002 23880
19998 19996 23900
19997 19995 23920
20002 20005 23940
20000 19994 23960
19999 19996 23980
20001 19999 24000
20005 20008 24020
20018 20032 24040
20008 20011 24060
20006 20008 24080
20005 20012 24100
20001 20015 24120
20001 20005 24140
20000 20005 24160
20003 20015 24180
20000 20003 24200
19996 19992 24220
19994 19993 24240
19995 19995 24260
19998 20004 24280
20001 20008 24300
20006 20022 24320
20005 20014 24340
20001 19998 24360
20000 19989 24380
19998 19987 24400
20001 20001 24420
19999 19992 24440
19998 20004 24460
19998 19993 24480
20003 20005 24500
19999 19995 24520
19999 19992 24540
20000 19993 24560
20004 20002 24580
20000 19993 24600
20002 19990 24620
20000 19995 24640
20004 20004 24660
20000 19998 24680
19998 19997 24700
19999 19994 24720
20002 19998 24740
20000 19997 24760
20002 19994 24780
20001 19994 24800
20005 20003 24820
19999 19992 24840
20002 20001 24860
20002 20000 24880
20005 20018 24900
20001 20004 24920
20000 20003 24940
20002 20002 24960
20002 19999 24980
20003 19989 25000
20005 19987 25020
20004 19985 25040
20009 20003 25060
20007 19989 25080
20004 19993 25100
20002 20003 25120
20007 20005 25140
20002 20011 25160
20000 19999 25180
20001 20000 25200
20003 19997 25220
20004 19994 25240
20002 19995 25260
20004 19996 25280
20006 20005 25300
20002 20000 25320
19999 20014 25340
19999 19997 25360
20004 20012 25380
20002 20002 25400
20005 20003 25420
20006 19995 25440
20006 19993 25460
20008 19995 25480
20008 19997 25500
20009 19995 25520
20010 20005 25540
20006 20002 25560
20003 20002 25580
20003 20004 25600
20007 20012 25620
20005 20010 25640
20007 20002 25660
20006 20000 25680
20007 19996 25700
20008 19995 25720
20006 19995 25740
20010 20000 25760
20010 20012 25780
20008 19997 25800
20006 20005 25820
20015 20033 25840
20010 20021 25860
20007 20005 25880
20002 20012 25900
20003 20003 25920
20002 19996 25940
20007 19996 25960
20006 19996 25980
20006 19990 26000
20010 19995 26020
20007 19995 26040
20005 19993 26060
20003 20001 26080
20007 20004 26100
20000 20004 26120
20001 20001 26140
19998 20002 26160
19997 20004 26180
19998 20005 26200
19999 20000 26220
20000 20006 26240
20006 20006 26260
20001 20000 26280
20000 19989 26300
20003 19993 26320
20005 20004 26340
20006 20002 26360
20002 20002 26380
20011 20019 26400
20011 20012 26420
20003 20004 26440
19992 20009 26460
19995 20005 26480
19998 20016 26500
19993 20015 26520
19993 20008 26540
19997 19999 26560
20004 20020 26580
19999 20013 26600
20000 19999 26620
20010 20000 26640
20009 19967 26660
19993 19970 26680
19989 19997 26700
20004 20024 26720
20022 19999 26740
20019 19972 26760
20012 19964 26780
20003 19958 26800
19995 19986 26820
19990 19985 26840
19984 20001 26860
19986 20020 26880
19993 20036 26900
19991 20032 26920
19990 20049 26940
19994 20058 26960
19994 20054 26980
19991 20045 27000
19989 20055 27020
19991 20055 27040
19999 20063 27060
19999 20051 27080
19997 20040 27100
19994 20051 27120
19998 20037 27140
20007 20056 27160
20004 20051 27180
20001 20045 27200
20010 20052 27220
20017 20052 27240
20018 20046 27260
20017 20056 27280
20016 20062 27300
20008 20046 27320
19997 20025 27340
19989 20003 27360
20001 19984 27380
20021 19982 27400
20020 19993 27420
20011 20013 27440
19999 19985 27460
19997 19933 27480
20010 19900 27500
20030 19893 27520
20048 19915 27540
20055 19947 27560
20052 19992 27580
20032 20042 27600
19999 20010 27620
20007 19986 27640
19998 20012 27660
19983 19954 27680
20017 19934 27700
20018 19980 27720
20023 19972 27740
20017 20012 27760
20003 20014 27780
20000 20001 27800
19997 19995 27820
20002 19987 27840
20018 19983 27860
20023 19977 27880
20021 19996 27900
20017 19988 27920
20013 19992 27940
20004 19977 27960
20003 19974 27980
19999 19977 28000
20000 19988 28020
19991 19999 28040
19995 20009 28060
19996 20013 28080
19997 20020 28100
20005 20014 28120
19995 20008 28140
19999 20002 28160
19999 20022 28180
20007 20016 28200
20008 20019 28220
20020 20029 28240
20008 20039 28260
20013 20026 28280
20006 20023 28300
19994 20050 28320
20009 20044 28340
19986 20040 28360
19983 20026 28380
19977 19998 28400
19994 19983 28420
20003 19954 28440
20017 19945 28460
20016 19968 28480
20009 19999 28500
19995 19990 28520
19987 19990 28540
19987 19986 28560
19990 19987 28580
19995 19982 28600
20002 19979 28620
20001 19998 28640
20000 20009 28660
19985 20001 28680
19987 19990 28700
19998 19985 28720
20016 20001 28740
20012 20002 28760
20002 20017 28780
19996 20016 28800
19995 20008 28820
19999 20008 28840
20004 20022 28860
20006 20029 28880
20002 20048 28900
19989 20025 28920
19991 20029 28940
19995 20031 28960
20000 20041 28980
19996 20027 29000
19998 20025 29020
20017 20073 29040
20007 20055 29060
20020 20088 29080
19998 20031 29100
19996 20014 29120
19997 20018 29140
19994 20003 29160
19992 19990 29180
19996 19986 29200
20002 19985 29220
19998 19985 29240
19995 19975 29260
19994 19978 29280
19996 19987 29300
19988 19979 29320
19988 19977 29340
19996 19977 29360
20006 19994 29380
20002 19981 29400
19996 19992 29420
19993 19976 29440
19998 19984 29460
19989 19987 29480
19987 19966 29500
19992 19980 29520
19991 20010 29540
19987 20006 29560
20003 19991 29580
20003 20024 29600
20016 20037 29620
20038 20069 29640
20028 20040 29660
20042 20070 29680
20028 20032 29700
20040 20048 29720
20024 20008 29740
20019 19977 29760
20021 19983 29780
20023 19991 29800
20013 20003 29820
20000 19985 29840
20004 19985 29860
20023 20025 29880
20008 20014 29900
20009 20003 29920
20002 20007 29940
20007 20005 29960
20005 19995 29980
20012 20013 30000
20006 20002 30020
20002 19973 30040
20002 19961 30060
19999 19975 30080
19995 19979 30100
19991 19962 30120
19997 19956 30140
19999 19966 30160
20005 19981 30180
20001 19992 30200
19997 19983 30220
20007 19997 30240
20004 20003 30260
19996 19987 30280
19991 19995 30300
19990 19978 30320
19995 19996 30340
19992 19982 30360
19991 19971 30380
19994 19979 30400
20001 19987 30420
19998 19977 30440
19998 19980 30460
20001 19995 30480
20004 20009 30500
20003 20003 30520
19999 19998 30540
20017 20040 30560
20010 20027 30580
20017 20040 30600
20008 20011 30620
20023 20019 30640
20018 19995 30660
20007 19977 30680
19996 19974 30700
19995 19980 30720
20001 19982 30740
20004 19976 30760
20002 19972 30780
19999 19968 30800
20002 19981 30820
19994 19978 30840
19994 19988 30860
19994 19985 30880
20003 19998 30900
20003 19989 30920
20007 19984 30940
20009 19976 30960
20007 19982 30980
20009 19968 31000
20006 19964 31020
20005 19978 31040
20008 19979 31060
20005 19961 31080
20004 19981 31100
20006 19986 31120
20009 20005 31140
20000 20001 31160
19997 19996 31180
20002 20005 31200
19998 20008 31220
20009 20012 31240
20010 20017 31260
20010 20017 31280
20013 20024 31300
20007 20004 31320
20007 20000 31340
20011 19999 31360
20015 19995 31380
20012 19989 31400
20012 19991 31420
20014 19990 31440
20011 19987 31460
20011 19991 31480
20008 19995 31500
20005 19999 31520
20010 20003 31540
20004 19995 31560
20002 19995 31580
20002 19992 31600
20008 20006 31620
20003 20000 31640
20001 19997 31660
20003 20000 31680
20003 19998 31700
20003 20001 31720
19998 20003 31740
19998 20006 31760
20001 20014 31780
19998 20015 31800
20007 20050 31820
20001 20023 31840
19998 20017 31860
19993 20007 31880
19993 20007 31900
19993 20003 31920
19994 20005 31940
20000 20002 31960
20005 19997 31980
20005 20026 32000
20011 20027 32020
20032 20055 32040
20023 20039 32060
20022 20041 32080
20016 20023 32100
20017 20059 32120
20003 20034 32140
19996 20021 32160
20006 20038 32180
20027 20070 32200
20012 20014 32220
20011 20001 32240
20012 20015 32260
20007 20005 32280
19995 19993 32300
19995 19995 32320
19998 20010 32340
20019 20048 32360
20003 20010 32380
20018 20033 32400
20014 20002 32420
20002 19979 32440
20001 19976 32460
20001 19979 32480
20006 19990 32500
20000 19995 32520
20009 20009 32540
20025 20034 32560
20009 19999 32580
20021 20026 32600
20007 19989 32620
20002 19979 32640
20006 19985 32660
20003 19980 32680
20003 19981 32700
20022 20033 32720
20011 20020 32740
19998 20003 32760
19994 19996 32780
19996 19988 32800
20005 20008 32820
20003 19993 32840
20003 20000 32860
20003 19997 32880
20006 20005 32900
19999 19999 32920
19999 20004 32940
19999 20001 32960
20009 20025 32980
20002 19999 33000
20001 19996 33020
20003 20003 33040
20006 20011 33060
20001 19988 33080
20001 20002 33100
19998 20009 33120
19998 20005 33140
19999 20020 33160
20007 20033 33180
20021 20068 33200
20007 20033 33220
20015 20061 33240
20006 20033 33260
19994 20006 33280
19998 20019 33300
20010 20043 33320
20003 20039 33340
20016 20059 33360
20006 20022 33380
20017 20049 33400
20005 20026 33420
20016 20051 33440
20002 20021 33460
20015 20045 33480
20001 20022 33500
20016 20049 33520
20004 20010 33540
20015 20025 33560
20007 19989 33580
20013 19998 33600
20001 19968 33620
19990 19945 33640
19986 19934 33660
19984 19932 33680
19992 19937 33700
19986 19932 33720
19987 19937 33740
19992 19957 33760
19997 19949 33780
19995 19944 33800
19998 19948 33820
20003 19962 33840
20015 19988 33860
20027 20017 33880
20015 19985 33900
20022 20011 33920
20008 19985 33940
19995 19952 33960
19987 19959 33980
19986 19967 34000
19993 19982 34020
19988 19974 34040
19995 19982 34060
20001 19980 34080
20003 19971 34100
20003 19975 34120
20003 19980 34140
19999 19983 34160
20004 19998 34180
20003 19993 34200
20003 19996 34220
20008 20009 34240
20002 20035 34260
19992 20005 34280
19998 19995 34300
20005 19994 34320
19999 20020 34340
19987 20026 34360
19981 20022 34380
19985 20024 34400
19992 20049 34420
19992 20025 34440
19995 20032 34460
19999 20038 34480
20004 20059 34500
19996 20059 34520
19992 20058 34540
19986 20048 34560
19989 20047 34580
20000 20079 34600
19993 20039 34620
20005 20068 34640
19993 20041 34660
19980 20026 34680
19978 20021 34700
19973 20019 34720
19976 20027 34740
19974 20015 34760
19974 20010 34780
19975 20005 34800
19978 20000 34820
19980 19998 34840
19984 19995 34860
19985 19991 34880
19985 20000 34900
19980 20000 34920
19981 20002 34940
19988 20003 34960
19996 20012 34980
19993 20002 35000
19994 20000 35020
19996 20006 35040
19997 20004 35060
19996 20010 35080
19997 20003 35100
19997 20017 35120
19993 20009 35140
19996 20002 35160
19999 20008 35180
19994 20014 35200
19999 20012 35220
19996 20007 35240
19996 20005 35260
19998 20005 35280
20000 20006 35300
20001 20011 35320
20002 20019 35340
20002 20019 35360
20008 20024 35380
20004 20011 35400
20006 20005 35420
20006 20003 35440
20004 20006 35460
20003 20007 35480
20001 20003 35500
20001 20001 35520
19999 19998 35540
19997 19992 35560
19997 19994 35580
20002 19999 35600
20013 20010 35620
20009 20000 35640
20009 19985 35660
20005 19982 35680
20007 19995 35700
20001 19993 35720
20002 20004 35740
20005 20002 35760
20010 20008 35780
20011 20005 35800
20010 20000 35820
20008 19991 35840
20011 20002 35860
20007 20004 35880
20016 20025 35900
20033 20056 35920
20018 20019 35940
20011 20000 35960
20011 20001 35980
20006 19997 36000
20006 19987 36020
20005 19995 36040
20001 19988 36060
20003 19988 36080
20009 20004 36100
20005 20014 36120
20004 19995 36140
20006 20013 36160
20012 20013 36180
20009 20008 36200
20010 20005 36220
20010 20003 36240
20010 20007 36260
20009 20007 36280
20009 20009 36300
20008 19996 36320
20011 19997 36340
20008 19984 36360
20002 19996 36380
20002 19988 36400
20011 19992 36420
20004 19988 36440
20003 19992 36460
20003 19993 36480
20008 19995 36500
20010 19993 36520
20013 19987 36540
20011 19983 36560
20004 19977 36580
20003 19987 36600
20001 19985 36620
20002 19991 36640
20007 20005 36660
20004 20000 36680
20006 19993 36700
20008 19989 36720
20009 19984 36740
20006 19987 36760
20007 19981 36780
20008 19981 36800
20011 19995 36820
20009 19987 36840
20010 19995 36860
20015 19980 36880
20021 19989 36900
20012 19981 36920
20010 19977 36940
20007 19996 36960
20009 20004 36980
20031 20055 37000
20018 20032 37020
20033 20054 37040
20022 20024 37060
20030 20043 37080
20014 20017 37100
20024 20042 37120
20011 20021 37140
20023 20046 37160
20011 20024 37180
20022 20046 37200
20009 20018 37220
20022 20040 37240
20008 20011 37260
20020 20029 37280
20013 20004 37300
20013 19994 37320
20003 19976 37340
19999 19972 37360
19999 19985 37380
19995 19982 37400
19996 19996 37420
20015 20042 37440
20009 20034 37460
20024 20051 37480
20010 20029 37500
20021 20041 37520
20012 20015 37540
20001 19986 37560
19998 19978 37580
20002 19983 37600
20003 19986 37620
20003 19981 37640
20005 19982 37660
20001 19979 37680
19997 19981 37700
19997 19981 37720
19998 19989 37740
19995 19994 37760
19989 19985 37780
19987 19984 37800
19986 19995 37820
19996 19987 37840
19998 19990 37860
19998 19986 37880
20001 19984 37900
20003 19982 37920
20004 19991 37940
19998 19998 37960
19996 19995 37980
19993 19993 38000
19998 19998 38020
19996 19988 38040
19995 19982 38060
19996 19989 38080
20002 19994 38100
19997 19992 38120
19996 19987 38140
19996 19985 38160
19997 19985 38180
19998 19983 38200
20001 19989 38220
19999 19981 38240
20011 20002 38260
20009 20016 38280
20014 20031 38300
20031 20063 38320
20015 20058 38340
20028 20055 38360
20018 20041 38380
20029 20052 38400
20018 20033 38420
20028 20043 38440
20008 20001 38460
20005 19995 38480
20012 19998 38500
20009 19991 38520
20010 19987 38540
20010 19989 38560
20016 20000 38580
20012 20000 38600
20011 19991 38620
20010 19995 38640
20009 19998 38660
20007 19997 38680
20011 20004 38700
20009 19998 38720
20013 20001 38740
20009 19989 38760
20005 19997 38780
20000 19991 38800
19998 19987 38820
19990 19983 38840
19992 19989 38860
19998 19982 38880
19998 19970 38900
19997 19987 38920
19999 19995 38940
20003 19994 38960
20007 20000 38980
20001 19985 39000
20001 19984 39020
19998 19984 39040
20000 19994 39060
19999 19989 39080
20006 19981 39100
20007 19995 39120
20003 19987 39140
20003 19994 39160
20006 20014 39180
20028 20058 39200
20010 20030 39220
20005 20002 39240
20007 20003 39260
20006 19997 39280
20012 20009 39300
20006 20006 39320
20003 20015 39340
20009 20023 39360
20009 20021 39380
20009 20017 39400
20019 20034 39420
20033 20063 39440
20019 20033 39460
20030 20062 39480
20021 20026 39500
20032 20055 39520
20011 20039 39540
20016 20049 39560
19994 20020 39580
20007 20048 39600
19998 20013 39620
20014 20027 39640
20006 20021 39660
20019 20028 39680
20007 20004 39700
20016 20025 39720
20005 20001 39740
20017 20023 39760
20003 19995 39780
20011 20015 39800
19998 19999 39820
20009 20016 39840
19995 19989 39860
20009 20016 39880
19999 19992 39900
20009 20015 39920
19995 19992 39940
20007 20021 39960
19995 19994 39980
20006 20018 40000
19994 19996 40020
20011 20025 40040
19999 19999 40060
20012 20026 40080
19998 19990 40100
20009 20016 40120
19995 19987 40140
20004 20013 40160
19993 19991 40180
20004 20018 40200
19993 19998 40220
20006 20018 40240
19995 19993 40260
20004 20019 40280
19992 19993 40300
20004 20013 40320
19994 19997 40340
20003 20023 40360
19997 20013 40380
20009 20023 40400
19997 20008 40420
20014 20024 40440
20001 20006 40460
20016 20026 40480
20015 19995 40500
20023 20034 40520
20005 20008 40540
20022 20024 40560
20005 20000 40580
20025 20015 40600
20014 19995 40620
20023 20019 40640
20009 19993 40660
20022 20025 40680
20009 19983 40700
20027 20015 40720
20011 19981 40740
20025 20006 40760
20012 19982 40780
20020 20019 40800
20004 20004 40820
20008 20012 40840
19984 19988 40860
20001 20008 40880
19985 19992 40900
20008 20012 40920
19997 19984 40940
20005 20004 40960
19990 19989 40980
20010 20016 41000
19999 19991 41020
20009 20010 41040
19996 19981 41060
20004 20003 41080
19992 19985 41100
20005 20011 41120
19994 19993 41140
20008 20017 41160
19996 19992 41180
20004 20015 41200
19993 19982 41220
20006 20004 41240
19991 19978 41260
20001 20004 41280
19983 19982 41300
19998 20007 41320
19991 19991 41340
20005 20002 41360
19994 19992 41380
20007 20007 41400
19996 19983 41420
20007 20009 41440
19992 19985 41460
20005 20010 41480
19993 19989 41500
20004 20008 41520
19991 19993 41540
20001 20019 41560
19991 19992 41580
20004 20019 41600
19992 19990 41620
20009 20013 41640
19995 19984 41660
20002 19999 41680
19990 19981 41700
19992 19992 41720
19976 19953 41740
19979 19953 41760
19977 19962 41780
19977 19956 41800
19980 19971 41820
19977 19959 41840
19983 19962 41860
19990 19976 41880
19985 19983 41900
20004 20027 41920
19994 20007 41940
20001 20020 41960
19995 20001 41980
20005 20021 42000
19999 20003 42020
20009 20020 42040
20000 19978 42060
20005 19976 42080
20004 19970 42100
20009 19980 42120
20002 19961 42140
20002 19969 42160
20007 19967 42180
20006 19963 42200
20010 19973 42220
20018 19989 42240
20013 19983 42260
20018 19989 42280
20003 19958 42300
20006 19966 42320
20017 19989 42340
20033 20014 42360
20015 19988 42380
20022 19999 42400
20009 19976 42420
20001 19967 42440
19999 19966 42460
19999 19969 42480
19998 19967 42500
20000 19972 42520
19997 19973 42540
19997 19977 42560
20001 19985 42580
19996 19977 42600
19995 19979 42620
19993 19977 42640
19999 19986 42660
19995 19985 42680
19996 19986 42700
19996 19985 42720
19997 19991 42740
19999 20004 42760
19998 20022 42780
20005 20045 42800
19995 20035 42820
20000 20031 42840
19982 20015 42860
19976 20007 42880
19985 20015 42900
19981 20011 42920
19985 20009 42940
19986 20013 42960
19997 20035 42980
20017 20067 43000
20005 20045 43020
20017 20073 43040
20005 20044 43060
20016 20064 43080
20005 20037 43100
20019 20061 43120
20007 20035 43140
20022 20064 43160
20005 20025 43180
20003 20015 43200
19999 20009 43220
20001 20012 43240
19998 19999 43260
19994 19990 43280
20000 19999 43300
19996 19991 43320
19993 20006 43340
19993 19999 43360
19999 20014 43380
20011 20036 43400
19997 20007 43420
20002 20005 43440
19996 20004 43460
19996 20005 43480
19992 19996 43500
19996 20003 43520
19995 19998 43540
19994 19992 43560
19998 19998 43580
20000 19998 43600
20007 20014 43620
20005 19992 43640
20005 19993 43660
20005 19988 43680
20004 19992 43700
20000 19987 43720
19996 19984 43740
19998 19990 43760
19996 19995 43780
19997 19995 43800
19997 19997 43820
19999 19998 43840
20004 20012 43860
19998 19999 43880
19999 19997 43900
20000 19998 43920
20000 19998 43940
19999 19987 43960
20001 19987 43980
20002 19989 44000
19999 19989 44020
20001 19998 44040
20001 19989 44060
20005 20003 44080
20015 20001 44100
20007 20004 44120
20016 20025 44140
20015 20018 44160
20010 20014 44180
20014 20031 44200
20009 20008 44220
20011 20008 44240
20007 20011 44260
20000 19989 44280
20001 19981 44300
20002 19996 44320
20008 20005 44340
20003 20000 44360
20001 20003 44380
20004 20008 44400
20007 20017 44420
20000 20004 44440
20000 20002 44460
19998 19999 44480
20006 20020 44500
20006 20015 44520
20002 20006 44540
20015 20039 44560
20009 20023 44580
20001 19997 44600
19996 19995 44620
19998 20000 44640
20006 20025 44660
20004 20018 44680
20000 20012 44700
20006 20022 44720
20004 20020 44740
19999 20007 44760
19995 20002 44780
20009 20025 44800
20004 20020 44820
20006 20017 44840
20006 20009 44860
20007 20005 44880
20004 20003 44900
19999 19995 44920
20000 19994 44940
19998 19996 44960
19999 19995 44980
19998 19994 45000
20001 19999 45020
19999 19998 45040
20006 20008 45060
20008 20012 45080
20009 20005 45100
20013 20006 45120
20017 20013 45140
20019 20004 45160
20012 20001 45180
20011 19997 45200
20012 20005 45220
20011 20001 45240
20011 20008 45260
20012 19998 45280
20018 20007 45300
20014 19996 45320
20012 19988 45340
20011 19990 45360
20009 19992 45380
20012 20000 45400
20010 19991 45420
20017 20003 45440
20010 19994 45460
20004 19986 45480
20003 19987 45500
20002 19993 45520
20007 19999 45540
20003 19987 45560
20003 19985 45580
20003 19993 45600
20003 19989 45620
20002 19988 45640
20000 19985 45660
19999 19989 45680
20006 19993 45700
20003 19989 45720
20004 19988 45740
20004 19991 45760
20007 19997 45780
20004 19991 45800
20001 19991 45820
20002 19988 45840
20001 19994 45860
20005 19991 45880
20006 19993 45900
20007 19998 45920
20017 20025 45940
20034 20064 45960
20019 20043 45980
20028 20069 46000
20013 20041 46020
20023 20067 46040
20010 20030 46060
20025 20054 46080
20012 20025 46100
20027 20053 46120
20002 20004 46140
20000 19990 46160
19995 19995 46180
20019 20044 46200
20013 20021 46220
20026 20047 46240
20011 20033 46260
20011 20014 46280
20000 20005 46300
20019 20039 46320
20007 20019 46340
20020 20039 46360
20006 20008 46380
20003 20004 46400
20009 20009 46420
20007 20000 46440
20001 19993 46460
20005 20001 46480
20001 19998 46500
20000 19989 46520
19992 19973 46540
19994 19970 46560
19995 19980 46580
20015 20018 46600
20007 19998 46620
20012 19998 46640
20006 19983 46660
20000 19963 46680
20003 19973 46700
20025 20013 46720
20017 20002 46740
20020 20006 46760
20008 19992 46780
20014 20011 46800
20009 20016 46820
20015 20024 46840
20005 20011 46860
20012 20017 46880
20007 20001 46900
20013 20020 46920
20006 20006 46940
20017 20016 46960
20008 20009 46980
20015 20012 47000
20006 19987 47020
20012 20005 47040
20006 19995 47060
20011 19995 47080
19994 19966 47100
19991 19962 47120
19995 19987 47140
19996 19982 47160
19989 19982 47180
20006 20013 47200
20002 20010 47220
20016 20033 47240
20002 20016 47260
20010 20029 47280
20003 20019 47300
20017 20037 47320
20002 20006 47340
20011 20026 47360
20004 20015 47380
20004 20005 47400
19994 20006 47420
20007 20029 47440
19995 20016 47460
20000 20029 47480
19987 20013 47500
19991 20030 47520
19978 19989 47540
19972 19977 47560
19973 19975 47580
19976 19980 47600
19983 19980 47620
19983 19981 47640
19983 19982 47660
19986 19981 47680
19991 19990 47700
19987 19983 47720
19989 19981 47740
19989 19981 47760
19989 19985 47780
19989 19985 47800
19986 19985 47820
19986 19983 47840
19984 19987 47860
19986 19984 47880
19989 19985 47900
19992 19981 47920
20002 20007 47940
20003 19989 47960
20013 19984 47980
20025 19974 48000
20029 19983 48020
20036 19982 48040
20020 19979 48060
20025 20007 48080
20006 19979 48100
20003 19996 48120
19983 19975 48140
19986 19971 48160
19989 19984 48180
19978 19983 48200
19984 19997 48220
19991 20015 48240
20000 20028 48260
20014 20014 48280
20015 20012 48300
20032 20043 48320
20035 20027 48340
20040 20011 48360
20033 20007 48380
20049 20032 48400
20036 20020 48420
20040 20034 48440
20016 20017 48460
20025 20057 48480
20026 20034 48500
20028 20033 48520
19988 19986 48540
19998 20026 48560
19991 20020 48580
20000 20006 48600
19979 19965 48620
19975 19953 48640
19986 19949 48660
19986 19951 48680
19991 19954 48700
19998 19980 48720
20008 19992 48740
20016 19998 48760
19993 19958 48780
19995 19937 48800
19999 19949 48820
19996 19944 48840
19996 19948 48860
19998 19952 48880
20002 19970 48900
20006 19996 48920
20015 20026 48940
20030 20062 48960
20016 20037 48980
20026 20057 49000
20016 20036 49020
20023 20064 49040
20010 20034 49060
20020 20064 49080
20007 20031 49100
20018 20045 49120
20009 20025 49140
20021 20042 49160
20011 20023 49180
20012 20008 49200
20004 19996 49220
19996 19976 49240
19994 19976 49260
20003 20008 49280
20010 20026 49300
20017 20046 49320
20010 20032 49340
20009 20029 49360
20004 20021 49380
20003 20019 49400
20000 20016 49420
20009 20029 49440
20003 20012 49460
20005 20021 49480
20001 20010 49500
20000 20014 49520
19996 19994 49540
20000 20009 49560
19996 20000 49580
20008 20019 49600
20003 20008 49620
20009 20015 49640
19993 19971 49660
19991 19970 49680
19990 19968 49700
19990 19969 49720
19992 19968 49740
19992 19969 49760
19993 19982 49780
19996 19995 49800
20003 20014 49820
20006 20009 49840
19996 19995 49860
20012 20030 49880
20006 20011 49900
20011 20010 49920
20001 19988 49940
20016 20026 49960
20005 20005 49980
20012 20018 50000
