19998 20000 20
19988 19999 40
19994 20004 60
20005 20001 80
20000 20001 100
20000 20001 120
20002 20003 140
19997 20000 160
19994 20002 180
20001 20004 200
19999 20007 220
19994 20007 240
19998 20007 260
19990 20008 280
20000 20008 300
19993 20008 320
19985 20003 340
19987 20005 360
19987 20005 380
19985 20004 400
19984 20004 420
19983 20004 440
19980 20004 460
19982 20005 480
19982 20002 500
19987 19990 520
19995 20001 540
19992 19993 560
19994 19997 580
19995 19996 600
19995 19993 620
19993 19990 640
19994 19988 660
19995 19987 680
19997 19984 700
19999 19991 720
19998 19987 740
19999 19983 760
20001 19987 780
20001 19986 800
20002 19990 820
20002 19997 840
20003 19996 860
20003 19999 880
20002 19990 900
20004 19995 920
20003 19993 940
20003 20000 960
19999 20003 980
19997 20000 1000
19996 20015 1020
19997 19996 1040
19995 20005 1060
19998 19999 1080
20002 20001 1100
20000 20001 1120
20002 19998 1140
20002 19994 1160
20002 19995 1180
20003 19996 1200
20003 19992 1220
20002 20003 1240
20006 20017 1260
20013 20031 1280
20026 20065 1300
20016 20037 1320
20021 20057 1340
20011 20028 1360
20015 20044 1380
20013 20029 1400
20023 20037 1420
20020 20016 1440
20024 20045 1460
20017 20017 1480
20021 20038 1500
20011 20015 1520
20007 20011 1540
19996 19990 1560
19994 19992 1580
19995 19984 1600
20001 19998 1620
20006 19998 1640
20005 19995 1660
20001 19987 1680
20001 19997 1700
20001 19981 1720
20003 19986 1740
20002 19990 1760
20006 19997 1780
20003 19995 1800
20007 19992 1820
20007 19987 1840
20008 19991 1860
20001 19983 1880
20000 19991 1900
19998 19985 1920
19997 19985 1940
19996 19979 1960
19998 19986 1980
19995 19985 2000
19997 19985 2020
19996 19978 2040
19999 20001 2060
19997 19980 2080
19999 20006 2100
19995 19984 2120
20004 19994 2140
20001 19988 2160
19999 19985 2180
19999 19985 2200
20002 19986 2220
19999 19981 2240
19998 19978 2260
19998 19984 2280
20004 19999 2300
20005 20002 2320
19996 19979 2340
19993 19981 2360
19995 19985 2380
19998 19981 2400
19999 19983 2420
20001 19981 2440
20005 19982 2460
20003 19982 2480
20004 19984 2500
20007 19997 2520
20006 20008 2540
19998 19993 2560
19998 20000 2580
19991 19995 2600
19992 20002 2620
19991 19996 2640
19988 19998 2660
19992 19995 2680
19991 19996 2700
19992 19993 2720
19994 20000 2740
19997 20003 2760
20000 20003 2780
20007 20024 2800
20001 20006 2820
19998 19997 2840
20004 20004 2860
20003 20000 2880
20004 19998 2900
20003 19994 2920
20006 19993 2940
20004 19989 2960
20005 19993 2980
20004 19991 3000
20008 20009 3020
20007 19996 3040
20008 20003 3060
20008 19996 3080
20012 20006 3100
20009 20001 3120
20009 20014 3140
20008 19995 3160
20009 20010 3180
20005 19996 3200
20004 19999 3220
20002 20002 3240
20003 20005 3260
20000 20006 3280
20001 19998 3300
20003 20003 3320
20002 19999 3340
20001 20003 3360
20001 20002 3380
20005 20008 3400
20006 20016 3420
20002 19999 3440
20003 19997 3460
20002 19996 3480
20003 19999 3500
20002 19993 3520
20005 20001 3540
20002 19993 3560
20004 19995 3580
20005 19995 3600
20003 19996 3620
20003 19993 3640
20002 19996 3660
20001 19993 3680
20001 19990 3700
20001 19996 3720
20003 19995 3740
20002 20006 3760
20001 19999 3780
20002 20003 3800
20003 19996 3820
20004 19997 3840
20006 19997 3860
20006 19998 3880
20007 20002 3900
20003 20002 3920
20001 20004 3940
20000 20004 3960
20002 20009 3980
20002 20007 4000
20001 20005 4020
20002 20004 4040
20001 20016 4060
20002 20005 4080
20003 20015 4100
20002 20006 4120
20020 20055 4140
20016 20033 4160
20024 20063 4180
20017 20037 4200
20006 20020 4220
20007 20018 4240
20006 20018 4260
20001 20012 4280
19998 20010 4300
19998 20011 4320
19997 20009 4340
19996 20005 4360
20003 20032 4380
20001 20022 4400
19998 20011 4420
19996 20006 4440
19999 20014 4460
19997 20006 4480
19998 20000 4500
19999 19997 4520
20003 20012 4540
20002 20004 4560
20019 20044 4580
20014 20031 4600
20022 20059 4620
20005 20021 4640
19997 20008 4660
19996 20007 4680
20004 20025 4700
19994 20003 4720
19996 20011 4740
19996 20005 4760
19996 20000 4780
19998 20009 4800
19999 19998 4820
19999 20002 4840
20001 19998 4860
20001 19997 4880
20002 20003 4900
20004 19993 4920
20009 20001 4940
20006 19983 4960
20010 20000 4980
19999 19980 5000
19998 19998 5020
19989 19993 5040
19995 19986 5060
19998 19970 5080
19995 19976 5100
19995 19973 5120
20003 19978 5140
20008 19971 5160
20012 19971 5180
20012 19976 5200
20012 19974 5220
20009 19976 5240
20014 19983 5260
20006 19983 5280
20005 19980 5300
20001 19987 5320
20003 19982 5340
20002 19974 5360
20002 19979 5380
20003 19978 5400
20004 19987 5420
20002 19978 5440
20000 19975 5460
19996 19986 5480
20003 20007 5500
20000 20001 5520
19999 20008 5540
19997 20007 5560
20002 20016 5580
19999 20014 5600
20001 20010 5620
20004 20005 5640
20008 20008 5660
20008 20001 5680
20014 19997 5700
20014 19993 5720
20014 19990 5740
20015 19988 5760
20017 19991 5780
20017 19996 5800
20019 20005 5820
20016 20012 5840
20013 20002 5860
20007 20008 5880
20006 20010 5900
20002 20013 5920
19998 20010 5940
19997 20000 5960
19998 19999 5980
19999 19997 6000
19999 19997 6020
19999 19995 6040
20001 20012 6060
19999 20002 6080
20001 20005 6100
19999 19996 6120
20003 19997 6140
20006 19995 6160
20007 19992 6180
20005 19998 6200
20008 19998 6220
20010 20003 6240
20010 20005 6260
20007 20001 6280
20005 19993 6300
20002 19998 6320
20004 19992 6340
20003 19981 6360
20007 19997 6380
20006 19992 6400
20007 19991 6420
20005 19996 6440
20003 20000 6460
19999 20002 6480
19999 20012 6500
19998 20014 6520
19997 20020 6540
19991 20012 6560
19988 20008 6580
19986 20007 6600
19987 20015 6620
19990 20016 6640
19992 20014 6660
19989 20014 6680
19990 20018 6700
19988 20015 6720
19990 20014 6740
19992 20016 6760
19999 20022 6780
20001 20018 6800
20002 20007 6820
20000 20004 6840
20002 19998 6860
20000 19999 6880
20011 20024 6900
20004 20021 6920
19998 20033 6940
19994 20022 6960
19996 19998 6980
20002 19994 7000
20003 19985 7020
20005 19988 7040
20001 19975 7060
19998 19992 7080
20006 20010 7100
20003 19998 7120
20006 20005 7140
20006 19998 7160
20004 20003 7180
20001 19999 7200
20000 19992 7220
20001 19995 7240
20007 20002 7260
20004 19999 7280
20007 20008 7300
20004 19985 7320
20004 19999 7340
19999 19998 7360
19997 20000 7380
19993 19996 7400
19994 20001 7420
19990 20003 7440
19991 19999 7460
19993 20002 7480
19994 20005 7500
19994 19998 7520
19993 19993 7540
19996 19987 7560
19999 19975 7580
20001 19991 7600
20004 19993 7620
20004 19984 7640
20009 20000 7660
20006 19986 7680
20013 20004 7700
20007 19999 7720
20009 19999 7740
20008 19993 7760
20007 19996 7780
20006 19993 7800
20007 19992 7820
20006 20000 7840
20007 19992 7860
20007 19984 7880
20009 19987 7900
20011 19992 7920
20012 19997 7940
20011 19999 7960
20012 20007 7980
20013 19995 8000
20014 19991 8020
20012 19988 8040
20012 19992 8060
20012 19993 8080
20010 20006 8100
20004 20012 8120
20000 20023 8140
19997 20015 8160
19998 20019 8180
19998 20015 8200
20002 20012 8220
20003 20012 8240
20005 20009 8260
20008 20017 8280
20012 20014 8300
20010 20013 8320
20009 20003 8340
20004 20011 8360
20002 20004 8380
20000 20009 8400
20003 20005 8420
20006 20002 8440
20008 20001 8460
20008 20000 8480
20007 20001 8500
20006 20005 8520
20006 20011 8540
20001 20012 8560
19996 20019 8580
19994 20009 8600
19998 20008 8620
20000 20015 8640
20001 20005 8660
20001 20006 8680
20001 20011 8700
19999 20003 8720
19996 20006 8740
19997 20007 8760
20003 20004 8780
20004 20003 8800
20003 19993 8820
20001 20007 8840
19996 20003 8860
19997 20003 8880
20004 19999 8900
20008 20008 8920
20012 20018 8940
20011 20007 8960
20009 20010 8980
20007 20000 9000
20005 20007 9020
20001 19994 9040
20001 20003 9060
20000 19996 9080
20003 20001 9100
20003 20000 9120
20008 20000 9140
20009 19999 9160
20013 20001 9180
20011 20005 9200
20010 20002 9220
20008 20003 9240
20008 20007 9260
20009 20006 9280
20009 20001 9300
20011 19995 9320
20011 19991 9340
20011 19993 9360
20010 19989 9380
20008 19991 9400
20014 19998 9420
20009 19992 9440
20009 19990 9460
20006 19989 9480
20011 19999 9500
20008 19994 9520
20009 19990 9540
20009 19990 9560
20008 19994 9580
20005 19990 9600
20008 19996 9620
20009 19992 9640
20008 19993 9660
20006 19992 9680
20009 20000 9700
20008 19997 9720
20008 20003 9740
20000 19998 9760
20006 20014 9780
20002 20010 9800
19999 20007 9820
19998 20004 9840
20002 20014 9860
20002 20015 9880
20001 20013 9900
19997 20009 9920
20000 20007 9940
19999 20002 9960
20000 20004 9980
20001 19999 10000
