1614 9766 20
56490 9991 40
1799 10222 60
1006 54279 80
43752 47622 100
1542 60935 120
774 1006 140
1539 49344 160
8995 807 180
61166 60098 200
49159 1827 220
1760 39443 240
9805 10138 260
10023 59943 280
20042 29191 300
25328 9734 320
20000 20005 340
19971 20009 360
19983 20010 380
19981 20010 400
19992 20008 420
19983 20009 440
19971 20014 460
19959 20025 480
19953 20033 500
19964 20040 520
19973 20040 540
19993 20039 560
19995 20038 580
20005 20038 600
20006 20036 620
20006 20033 640
20010 20033 660
20009 20033 680
20007 20031 700
20004 20031 720
20001 20027 740
19983 20023 760
19977 20017 780
19973 20012 800
19972 20009 820
19969 20004 840
19973 19998 860
19979 19995 880
19987 19991 900
19993 19987 920
20008 19985 940
20001 19986 960
20002 19986 980
20007 19990 1000
20005 19988 1020
20015 19990 1040
20021 19990 1060
20022 19991 1080
20020 19991 1100
20021 19991 1120
20021 19990 1140
20018 19990 1160
20012 19988 1180
20011 19984 1200
20012 19982 1220
20023 19981 1240
20028 19980 1260
20034 19987 1280
20052 19983 1300
20052 19985 1320
20063 19985 1340
20060 19987 1360
20068 19986 1380
20053 19989 1400
20052 19990 1420
20044 19990 1440
20051 19986 1460
20051 19987 1480
20038 19987 1500
20030 19989 1520
20030 19987 1540
20038 19988 1560
20022 19993 1580
20025 19995 1600
20023 19993 1620
20026 19992 1640
20027 19992 1660
20042 19995 1680
20029 19997 1700
20026 19999 1720
20026 20002 1740
20026 20006 1760
20026 20011 1780
20033 20012 1800
20037 20011 1820
20033 20008 1840
20033 20005 1860
20034 20001 1880
20033 19999 1900
20031 19998 1920
20030 19996 1940
20026 19996 1960
20025 19995 1980
20020 19994 2000
20018 19996 2020
20017 19999 2040
20014 20001 2060
20014 20002 2080
20013 20003 2100
20014 20007 2120
20013 20008 2140
20017 20010 2160
20011 20017 2180
20015 20021 2200
20013 20014 2220
20018 20011 2240
20014 20009 2260
20012 20007 2280
20010 20005 2300
20002 20004 2320
20008 20003 2340
20000 19999 2360
20001 20000 2380
19984 20001 2400
19980 20006 2420
19971 20011 2440
19964 20016 2460
19958 20022 2480
19964 20029 2500
19966 20026 2520
19974 20025 2540
19973 20019 2560
19969 20017 2580
19972 20016 2600
19959 20019 2620
19950 20022 2640
19945 20028 2660
19942 20033 2680
19939 20037 2700
19937 20039 2720
19940 20038 2740
19941 20037 2760
19944 20033 2780
19947 20027 2800
19948 20025 2820
19949 20020 2840
19963 20015 2860
19958 20012 2880
19969 20009 2900
19962 20005 2920
19967 20005 2940
19973 20005 2960
19979 20003 2980
19983 20002 3000
19995 20005 3020
19992 20011 3040
19993 20011 3060
19983 20002 3080
19987 19993 3100
20003 19990 3120
20025 19993 3140
20048 20002 3160
20062 20013 3180
20061 20024 3200
20058 20031 3220
20044 20035 3240
20039 20035 3260
20036 20032 3280
20034 20024 3300
20045 20018 3320
20052 20006 3340
20054 19997 3360
20053 19988 3380
20050 19983 3400
20041 19979 3420
20025 19977 3440
20023 19979 3460
20017 19979 3480
20016 19981 3500
20017 19982 3520
20020 19986 3540
20025 19990 3560
20029 19995 3580
20036 19999 3600
20031 20002 3620
20047 20007 3640
20035 20008 3660
20036 20010 3680
20034 20008 3700
20034 20007 3720
20029 20005 3740
20031 20004 3760
20025 20002 3780
20028 20000 3800
20030 19999 3820
20025 19997 3840
20026 19997 3860
20028 19997 3880
20025 19996 3900
20023 19999 3920
20033 20000 3940
20021 20000 3960
20021 20003 3980
20022 20005 4000
20019 20005 4020
20014 20005 4040
20018 20005 4060
20020 20004 4080
20017 20002 4100
20015 20000 4120
20014 20000 4140
20015 19999 4160
20012 20001 4180
20016 20001 4200
20010 20000 4220
20011 19998 4240
20011 19998 4260
20006 20001 4280
20011 20002 4300
20008 20001 4320
20014 20000 4340
20008 20001 4360
20006 19999 4380
20007 20001 4400
20006 20000 4420
20000 20001 4440
20003 20001 4460
20004 20002 4480
19999 20001 4500
20004 20002 4520
20003 20003 4540
20005 20004 4560
20001 20007 4580
20012 20007 4600
20004 20006 4620
20003 20005 4640
20000 20005 4660
20002 20005 4680
20001 20006 4700
19999 20006 4720
20001 20005 4740
19994 20005 4760
19996 20008 4780
19997 20008 4800
19997 20007 4820
19998 20007 4840
20000 20008 4860
20002 20010 4880
19999 20009 4900
20003 20010 4920
20002 20009 4940
19999 20009 4960
19999 20010 4980
19999 20011 5000
19997 20011 5020
20000 20012 5040
20005 20010 5060
20013 20008 5080
20006 20008 5100
20016 20004 5120
20002 20004 5140
20001 20006 5160
20000 20007 5180
20008 20008 5200
20000 20008 5220
19995 20005 5240
19997 20008 5260
19996 20010 5280
19997 20010 5300
19996 20011 5320
20003 20011 5340
19995 20011 5360
20011 20011 5380
19997 20009 5400
20001 20012 5420
20000 20009 5440
19996 20009 5460
20003 20009 5480
19998 20007 5500
19999 20006 5520
19993 20007 5540
19996 20006 5560
19998 20005 5580
20003 20005 5600
19991 20007 5620
19999 20008 5640
19996 20007 5660
19994 20006 5680
19992 20006 5700
19995 20006 5720
19994 20002 5740
19989 20004 5760
19993 20003 5780
19994 20002 5800
19990 20006 5820
19990 20006 5840
19996 20005 5860
19984 20005 5880
19994 20005 5900
19989 20008 5920
19993 20007 5940
19991 20007 5960
19995 20006 5980
19994 20006 6000
19988 20004 6020
19994 20008 6040
19997 20008 6060
19996 20007 6080
19996 20006 6100
19997 20005 6120
19994 20006 6140
19986 20006 6160
19994 20005 6180
20000 20005 6200
19997 20007 6220
20000 20003 6240
19998 20002 6260
19997 20001 6280
19997 20001 6300
19996 20002 6320
19995 20000 6340
19995 19998 6360
19997 19997 6380
19997 19998 6400
20000 19995 6420
20001 19994 6440
19999 19994 6460
19996 19994 6480
19999 19993 6500
19996 19994 6520
19998 19995 6540
19999 19997 6560
19995 19998 6580
20006 20000 6600
20002 19999 6620
20000 20005 6640
20003 20003 6660
20004 20000 6680
20002 19997 6700
20002 19997 6720
19998 19997 6740
19992 19996 6760
19994 19996 6780
19997 19997 6800
19993 19998 6820
19994 20000 6840
20004 20002 6860
20000 20000 6880
19998 20002 6900
20000 20004 6920
20000 20005 6940
20002 20003 6960
20003 20004 6980
20001 20004 7000
20000 20005 7020
20002 20007 7040
20006 20008 7060
20004 20010 7080
20005 20012 7100
20010 20012 7120
20002 20014 7140
20010 20018 7160
20005 20022 7180
20004 20024 7200
20003 20025 7220
19998 20026 7240
20000 20027 7260
19997 20025 7280
19997 20025 7300
19996 20025 7320
20002 20027 7340
19999 20025 7360
20004 20021 7380
20003 20018 7400
20010 20018 7420
20009 20018 7440
20010 20016 7460
20008 20013 7480
20009 20009 7500
20013 20009 7520
20015 20007 7540
20011 20006 7560
20017 20005 7580
20024 20007 7600
20018 20006 7620
20016 20006 7640
20010 20005 7660
20010 20007 7680
20009 20007 7700
20008 20006 7720
20003 20005 7740
19999 20005 7760
19998 20005 7780
19997 20005 7800
19990 20003 7820
19994 20003 7840
19997 20004 7860
19994 20006 7880
19995 20006 7900
19995 20005 7920
19994 20004 7940
19998 20002 7960
19997 20001 7980
19996 20002 8000
19996 20001 8020
19987 20002 8040
19994 20002 8060
19997 20002 8080
19993 20002 8100
19995 20001 8120
19995 20002 8140
19997 20000 8160
19998 20001 8180
20005 20001 8200
19991 20004 8220
19996 20004 8240
19992 20003 8260
19990 20003 8280
19992 20000 8300
19994 20000 8320
19997 20004 8340
20002 20002 8360
20009 19998 8380
19997 19999 8400
20006 19996 8420
20001 19995 8440
20003 19997 8460
20001 19998 8480
19999 19999 8500
19995 20001 8520
19990 20003 8540
20002 20004 8560
19995 20003 8580
19995 20003 8600
19995 20003 8620
19988 20001 8640
19992 20001 8660
20001 20000 8680
20000 20000 8700
20004 19998 8720
20005 19996 8740
20006 19993 8760
20006 19993 8780
20008 19993 8800
20008 19996 8820
20009 19995 8840
20012 19996 8860
20003 20000 8880
20003 19999 8900
19997 20002 8920
19999 20001 8940
19996 20001 8960
19998 20000 8980
19997 20000 9000
19995 19999 9020
19996 19997 9040
19995 19996 9060
20000 19994 9080
19999 19995 9100
19999 19995 9120
20003 19996 9140
20002 19996 9160
20000 19996 9180
20002 19998 9200
20000 19997 9220
19996 20001 9240
20000 20001 9260
19997 20001 9280
19995 20002 9300
20000 20001 9320
19998 19999 9340
19997 19998 9360
20001 19997 9380
20004 19997 9400
20005 19996 9420
20005 19997 9440
20008 19997 9460
20008 19999 9480
20005 19998 9500
20005 20001 9520
20005 19999 9540
20009 20000 9560
20004 20001 9580
20011 19999 9600
20003 20000 9620
20002 20000 9640
19999 20000 9660
20007 20001 9680
20000 20002 9700
20004 20000 9720
20003 19999 9740
20006 20002 9760
20007 20002 9780
20006 20002 9800
20006 20003 9820
20003 20003 9840
20016 20000 9860
20006 19999 9880
20010 20000 9900
20012 20000 9920
20010 20000 9940
20008 19998 9960
20009 19999 9980
20005 19996 10000
20003 20000 10020
20014 20002 10040
20005 20001 10060
20012 20002 10080
20008 20005 10100
20011 20005 10120
20011 20004 10140
20014 20004 10160
20011 20003 10180
20013 20004 10200
20013 20003 10220
20008 20003 10240
20006 20001 10260
20003 20001 10280
20004 20004 10300
20004 20004 10320
20009 20003 10340
20000 20005 10360
20004 20004 10380
20003 20005 10400
19997 20007 10420
19995 20009 10440
19995 20008 10460
19992 20007 10480
19998 20005 10500
19998 20005 10520
19997 20004 10540
20008 20004 10560
19993 20007 10580
20008 20007 10600
19995 20010 10620
20000 20009 10640
19997 20009 10660
19999 20008 10680
19995 20006 10700
19998 20004 10720
20003 20003 10740
20001 20002 10760
19997 20003 10780
19999 20005 10800
20000 20004 10820
19995 20004 10840
20001 20002 10860
20004 20003 10880
20005 20001 10900
20003 20002 10920
20000 20001 10940
20006 20002 10960
20005 20000 10980
20006 20000 11000
20010 19997 11020
20019 19998 11040
20012 19996 11060
20021 19998 11080
20015 19998 11100
20029 19998 11120
20023 19999 11140
20021 19997 11160
20013 19994 11180
20011 19993 11200
20013 19994 11220
20016 19993 11240
20016 19993 11260
20010 19997 11280
20017 19994 11300
20008 19995 11320
20022 19993 11340
20007 19993 11360
20012 19999 11380
20007 20003 11400
20003 20005 11420
20001 20009 11440
19990 20010 11460
19992 20012 11480
19991 20011 11500
19993 20010 11520
20003 20007 11540
20003 20003 11560
20009 19999 11580
20012 19996 11600
20018 19993 11620
20015 19991 11640
20015 19991 11660
20021 19992 11680
20017 19996 11700
20020 19999 11720
20017 20001 11740
20010 20004 11760
20007 20008 11780
20001 20008 11800
20000 20022 11820
20001 20007 11840
19996 20004 11860
19994 20004 11880
19998 20004 11900
19996 20002 11920
20011 20004 11940
19993 20002 11960
19997 20003 11980
19991 20001 12000
19995 20001 12020
19991 19999 12040
19995 20001 12060
20001 20002 12080
19994 20001 12100
20009 20005 12120
19992 20004 12140
19999 20006 12160
19995 20007 12180
19994 20008 12200
19995 20008 12220
19990 20008 12240
19988 20010 12260
19993 20008 12280
20002 20009 12300
19998 20009 12320
19997 20009 12340
19996 20009 12360
19991 20006 12380
19999 20006 12400
20001 20007 12420
19997 20005 12440
19997 20007 12460
19992 20006 12480
19995 20004 12500
19996 20003 12520
20000 20001 12540
20010 19999 12560
20007 20000 12580
20003 19999 12600
20002 19999 12620
20002 19999 12640
20004 19998 12660
20005 20000 12680
20005 19999 12700
20016 20000 12720
20005 20000 12740
20003 20000 12760
20002 20000 12780
20004 20001 12800
20007 19999 12820
20003 20000 12840
20006 19999 12860
20007 20000 12880
20004 20001 12900
20003 20003 12920
20005 20005 12940
20002 20006 12960
19995 20008 12980
19999 20007 13000
20000 20008 13020
19997 20007 13040
19997 20007 13060
20003 20010 13080
19998 20007 13100
20002 20006 13120
19998 20007 13140
19998 20009 13160
19995 20007 13180
19997 20006 13200
19998 20005 13220
19998 20001 13240
20006 20001 13260
20006 20000 13280
20016 20001 13300
20009 20002 13320
20010 20003 13340
20007 20005 13360
20008 20005 13380
20010 20006 13400
20024 20007 13420
20014 20005 13440
20013 20006 13460
20005 20007 13480
20004 20006 13500
20004 20004 13520
20002 20004 13540
20010 20003 13560
20002 20003 13580
20002 20003 13600
20003 20000 13620
20001 19998 13640
19998 20000 13660
19994 20003 13680
20002 20001 13700
19996 19999 13720
19995 20002 13740
19992 20002 13760
19998 20004 13780
19994 20006 13800
19999 20006 13820
19991 20006 13840
20001 20005 13860
19995 20004 13880
20001 20000 13900
20001 20000 13920
20001 19998 13940
19998 19998 13960
19995 20000 13980
19994 19998 14000
19993 19998 14020
19998 19997 14040
19993 19997 14060
20005 20000 14080
19993 20002 14100
19997 20008 14120
19986 20006 14140
19987 20004 14160
19989 20004 14180
19989 20003 14200
19994 20002 14220
19986 20004 14240
19995 20004 14260
19990 20003 14280
19988 20004 14300
19983 20003 14320
19995 20009 14340
19988 20005 14360
19999 20003 14380
19991 20005 14400
19993 20009 14420
19988 20011 14440
19988 20012 14460
19989 20012 14480
19991 20010 14500
19989 20010 14520
19993 20010 14540
20001 20007 14560
19994 20007 14580
19996 20006 14600
19998 20005 14620
19997 20005 14640
19999 20005 14660
20007 20004 14680
19995 20005 14700
19996 20003 14720
19998 20004 14740
19992 20004 14760
19998 20005 14780
19996 20009 14800
20000 20008 14820
19998 20010 14840
19998 20011 14860
20001 20009 14880
20002 20008 14900
20002 20006 14920
20001 20003 14940
20003 20005 14960
20009 20003 14980
20008 20006 15000
20009 20003 15020
20007 20002 15040
20011 20001 15060
20011 20001 15080
20013 19999 15100
20012 20001 15120
20009 20010 15140
20005 20002 15160
20003 20001 15180
20003 20000 15200
20004 19997 15220
20001 20000 15240
20011 19998 15260
20009 19998 15280
20009 19998 15300
20007 20001 15320
20023 20004 15340
20009 20009 15360
20006 20011 15380
19999 20012 15400
19994 20012 15420
19993 20014 15440
19995 20010 15460
19995 20011 15480
19992 20009 15500
19997 20009 15520
19994 20009 15540
19998 20009 15560
19997 20007 15580
20005 20008 15600
20002 20008 15620
20001 20008 15640
20006 20006 15660
20009 20006 15680
20013 20004 15700
20012 20004 15720
20012 20013 15740
20011 20009 15760
20010 20007 15780
20009 20006 15800
20007 20005 15820
20003 20002 15840
20002 19999 15860
20003 19999 15880
20008 19999 15900
20001 20001 15920
19995 20002 15940
19991 20001 15960
19993 19999 15980
19993 19996 16000
20000 19996 16020
20002 19999 16040
20004 20002 16060
20005 20005 16080
19999 20006 16100
19993 20004 16120
19994 20003 16140
19999 20003 16160
20006 20003 16180
20003 20001 16200
19998 20003 16220
20000 20002 16240
20002 20000 16260
20006 20000 16280
20019 20002 16300
20013 20005 16320
20019 20007 16340
20004 20007 16360
19992 20008 16380
20000 20005 16400
20003 20004 16420
20006 20003 16440
20005 20002 16460
20010 20004 16480
20005 20007 16500
20004 20004 16520
19997 20001 16540
20010 20001 16560
20000 20003 16580
20006 20002 16600
19999 20000 16620
20005 19999 16640
20006 20001 16660
20009 20001 16680
20009 20002 16700
20006 20004 16720
20004 20006 16740
20010 20004 16760
20006 20004 16780
20009 20003 16800
20023 20004 16820
20009 20004 16840
20016 20004 16860
20005 20004 16880
20007 20005 16900
20004 20006 16920
20003 20005 16940
19999 20004 16960
19998 20007 16980
19999 20008 17000
20001 20007 17020
20003 20007 17040
20003 20009 17060
20008 20012 17080
20002 20008 17100
20012 20010 17120
20004 20010 17140
20004 20008 17160
20004 20007 17180
20003 20005 17200
20002 20004 17220
19997 20003 17240
20000 20002 17260
20001 20000 17280
20009 19997 17300
20001 19996 17320
20009 19995 17340
19998 19994 17360
19997 19996 17380
20003 19995 17400
20004 19994 17420
20002 19992 17440
20002 19991 17460
20003 19991 17480
20006 19991 17500
20006 19992 17520
20005 19991 17540
20009 19991 17560
20005 19991 17580
20003 19993 17600
20006 19993 17620
20012 19991 17640
20024 19983 17660
20025 19982 17680
20024 19981 17700
20019 19978 17720
20011 19979 17740
20000 19983 17760
19999 19984 17780
19990 19984 17800
19986 19984 17820
19985 19985 17840
19983 19987 17860
19984 19991 17880
19982 19992 17900
19985 19992 17920
19991 19995 17940
19997 19995 17960
20002 19996 17980
20006 19996 18000
20010 19996 18020
20005 19996 18040
20007 19997 18060
19999 19999 18080
19995 20001 18100
19997 19999 18120
19999 19997 18140
19986 19998 18160
19989 19999 18180
19995 19998 18200
19994 20002 18220
19993 20003 18240
19995 20005 18260
19993 20005 18280
20001 20008 18300
19992 20008 18320
20005 20011 18340
20008 20014 18360
20014 20017 18380
20008 20015 18400
20012 20016 18420
20011 20016 18440
20006 20015 18460
20006 20016 18480
20002 20015 18500
20008 20015 18520
20009 20014 18540
20009 20014 18560
20008 20015 18580
20011 20011 18600
20001 20011 18620
20000 20007 18640
19986 20005 18660
19989 20003 18680
19990 20000 18700
19989 19999 18720
19991 20000 18740
19993 20000 18760
20007 20002 18780
20004 20001 18800
20007 20002 18820
20008 20003 18840
20009 20003 18860
20008 20002 18880
20010 20002 18900
20011 20000 18920
20011 19999 18940
20012 19999 18960
20012 19999 18980
20020 20000 19000
20019 20000 19020
20027 20002 19040
20019 20002 19060
20024 20002 19080
20012 20002 19100
20009 20000 19120
20013 20005 19140
20012 20006 19160
20010 20016 19180
20012 20017 19200
20011 20020 19220
20006 20025 19240
20003 20028 19260
19998 20029 19280
20000 20031 19300
19988 20032 19320
19992 20033 19340
19983 20032 19360
19989 20032 19380
19987 20030 19400
19989 20031 19420
19990 20028 19440
19989 20029 19460
19988 20029 19480
19987 20131 19500
20012 20134 19520
20023 20037 19540
20016 20000 19560
20018 19989 19580
20017 19984 19600
20004 19981 19620
20004 19981 19640
19999 19981 19660
19999 19982 19680
19994 19983 19700
20009 19984 19720
19999 19983 19740
20005 19985 19760
20004 19989 19780
20010 19991 19800
20018 19993 19820
20012 19994 19840
20023 19995 19860
20013 19996 19880
20013 19996 19900
20016 19993 19920
20012 19989 19940
20012 19990 19960
20008 19988 19980
20004 19988 20000
20006 19988 20020
20014 19988 20040
20005 19988 20060
20013 19989 20080
20011 19990 20100
20016 19990 20120
20011 19992 20140
20005 19994 20160
20006 19995 20180
20006 19995 20200
20007 19997 20220
20007 19999 20240
20002 19998 20260
20007 19999 20280
20006 19999 20300
20002 19999 20320
20002 19998 20340
19997 19999 20360
19994 20000 20380
19988 19999 20400
19990 19998 20420
19988 20000 20440
19993 19997 20460
19999 19998 20480
20002 19997 20500
20005 19999 20520
20003 20000 20540
20014 20000 20560
20000 20002 20580
20005 20004 20600
20000 20003 20620
20001 20003 20640
20004 20002 20660
20005 20001 20680
20002 20002 20700
19999 20003 20720
20001 20003 20740
20000 20003 20760
19998 20003 20780
19996 20001 20800
20000 20006 20820
19993 20005 20840
19999 20001 20860
19994 20002 20880
19998 20003 20900
20001 20004 20920
20000 20001 20940
19993 20000 20960
19994 19998 20980
20000 19999 21000
19998 19999 21020
19996 20000 21040
20000 20001 21060
20000 20003 21080
20006 20003 21100
20001 20006 21120
19996 20004 21140
19998 20003 21160
19999 20007 21180
20002 20006 21200
20003 20004 21220
19996 20004 21240
19997 20005 21260
19999 20005 21280
20006 20003 21300
19997 20004 21320
19998 20009 21340
19996 20005 21360
19993 20004 21380
19993 20004 21400
20005 20003 21420
19995 20002 21440
20000 20003 21460
20004 20004 21480
20004 20005 21500
20001 20007 21520
19997 20007 21540
19999 20007 21560
19995 20008 21580
19999 20006 21600
19999 20006 21620
20001 20005 21640
20003 20007 21660
20007 20007 21680
20008 20006 21700
20002 20006 21720
20007 20012 21740
20006 20008 21760
20019 20007 21780
20013 20008 21800
20014 20006 21820
20006 20007 21840
20003 20007 21860
20006 20006 21880
20006 20014 21900
20008 20008 21920
20004 20008 21940
19998 20007 21960
19998 20006 21980
20001 20008 22000
20004 20008 22020
20011 20008 22040
20010 20007 22060
20014 20007 22080
20007 20006 22100
20000 20005 22120
20005 20002 22140
19999 20003 22160
19995 20002 22180
19997 20004 22200
19996 20003 22220
19997 20004 22240
19997 20004 22260
19997 20003 22280
20013 20006 22300
20005 20005 22320
20004 20005 22340
20005 20005 22360
20008 20006 22380
20009 20005 22400
20007 20004 22420
20009 20003 22440
20003 20002 22460
20002 20002 22480
20000 20002 22500
19993 20002 22520
20000 20004 22540
20002 20004 22560
20006 20011 22580
20007 20005 22600
20008 20006 22620
20008 20004 22640
20007 20003 22660
20007 20002 22680
20004 20003 22700
20002 20005 22720
19997 20004 22740
19998 20003 22760
20004 20003 22780
19995 20003 22800
19998 20002 22820
20000 20002 22840
19994 20004 22860
19999 20004 22880
20006 20004 22900
19998 20003 22920
20002 20004 22940
20000 20005 22960
20004 20004 22980
20008 20005 23000
20004 20005 23020
20010 20008 23040
20000 20007 23060
20007 20008 23080
20003 20008 23100
20010 20007 23120
20011 20008 23140
20004 20006 23160
20006 20005 23180
20007 20005 23200
20006 20008 23220
20006 20006 23240
20010 20007 23260
20013 20005 23280
20016 20006 23300
20010 20005 23320
20010 20005 23340
20007 20006 23360
20008 20005 23380
20004 20008 23400
20010 20007 23420
20006 20006 23440
20011 20008 23460
20013 20008 23480
20009 20009 23500
20011 20011 23520
20013 20011 23540
20019 20011 23560
20012 20012 23580
20012 20012 23600
20016 20011 23620
20012 20009 23640
20015 20008 23660
20015 20007 23680
20011 20004 23700
20015 20003 23720
20016 20002 23740
20004 20000 23760
20007 20002 23780
20001 20001 23800
20004 20001 23820
20004 20000 23840
20005 19999 23860
20009 20000 23880
20007 20002 23900
20003 20001 23920
20002 20000 23940
20005 20003 23960
20005 20004 23980
20008 20004 24000
20008 20000 24020
20018 20003 24040
20010 20004 24060
20012 20004 24080
20007 20005 24100
20005 20007 24120
20000 20007 24140
19999 20008 24160
20002 20010 24180
20006 20011 24200
20010 20014 24220
20012 20018 24240
20018 20019 24260
20014 20019 24280
20019 20022 24300
20006 20022 24320
20013 20021 24340
20004 20027 24360
20002 20027 24380
19998 20028 24400
19988 20030 24420
19981 20033 24440
19978 20034 24460
19975 20032 24480
19972 20031 24500
19971 20031 24520
19973 20031 24540
19983 20026 24560
19976 20027 24580
19984 20024 24600
19982 20021 24620
19996 20016 24640
20002 20011 24660
20013 20004 24680
20019 19998 24700
20017 19992 24720
20022 19991 24740
20020 19990 24760
20011 19988 24780
20011 19991 24800
20013 19991 24820
20018 19988 24840
20018 19991 24860
20008 19997 24880
20008 19996 24900
20010 20001 24920
20008 20004 24940
20011 20001 24960
20009 20005 24980
20012 19999 25000
20009 20003 25020
20003 20001 25040
19999 20007 25060
20002 19998 25080
20009 19999 25100
20006 19998 25120
20007 19996 25140
20015 19998 25160
20000 19996 25180
20011 19995 25200
19994 20004 25220
19998 20001 25240
19988 20005 25260
19990 20005 25280
20003 20003 25300
19993 20002 25320
19993 20003 25340
19987 20006 25360
19991 20007 25380
19993 20005 25400
19998 20001 25420
20005 20000 25440
20004 19995 25460
20015 19993 25480
20018 19988 25500
20023 19983 25520
20025 19981 25540
20027 19976 25560
20030 19974 25580
20031 19974 25600
20022 19973 25620
20031 19973 25640
20020 19973 25660
20024 19973 25680
20015 19974 25700
20017 19974 25720
20017 19983 25740
20014 19989 25760
20016 19996 25780
20008 19997 25800
20018 19993 25820
20000 19992 25840
19997 19989 25860
19997 19987 25880
19990 19987 25900
19995 19988 25920
19993 19987 25940
19986 19990 25960
19992 19989 25980
19993 19989 26000
19992 19989 26020
19998 19990 26040
19989 19992 26060
19993 19995 26080
19995 19996 26100
20004 19998 26120
20004 19999 26140
20008 19998 26160
20010 19999 26180
20003 20002 26200
20004 20003 26220
20008 20001 26240
20006 19999 26260
20008 19997 26280
20006 20000 26300
19997 20003 26320
19994 20004 26340
19993 20007 26360
19993 20006 26380
20000 20004 26400
20004 20003 26420
20000 20008 26440
20000 20008 26460
20006 20012 26480
20007 20014 26500
20007 20016 26520
20001 20018 26540
19996 20016 26560
19996 20016 26580
19998 20016 26600
20000 20016 26620
20002 20017 26640
20000 20015 26660
20001 20015 26680
20000 20015 26700
19996 20014 26720
19996 20012 26740
19997 20008 26760
19993 20006 26780
19996 20004 26800
20005 20002 26820
20004 19999 26840
20003 20001 26860
19999 20004 26880
19998 20001 26900
19997 20000 26920
19999 20002 26940
20002 20003 26960
19993 20005 26980
19989 20006 27000
19992 20005 27020
20001 20003 27040
19987 20001 27060
20001 20004 27080
19988 20002 27100
19982 20004 27120
19983 20000 27140
19988 20004 27160
19992 20004 27180
19995 20002 27200
20001 20000 27220
20000 20002 27240
20002 20007 27260
19998 20007 27280
20003 20005 27300
20003 20012 27320
20002 20012 27340
20002 20008 27360
20004 20005 27380
20002 20004 27400
20000 19999 27420
19995 20001 27440
19993 20001 27460
19999 20003 27480
19998 20004 27500
19994 20003 27520
19997 20004 27540
20003 20003 27560
20001 20004 27580
19989 20001 27600
19993 20000 27620
19996 19999 27640
20001 20005 27660
19996 20010 27680
20005 20015 27700
20003 20025 27720
20010 20029 27740
20016 20036 27760
20031 20041 27780
20031 20030 27800
20047 20011 27820
20054 19996 27840
20068 19994 27860
20057 20002 27880
20049 20011 27900
20051 20046 27920
19959 20012 27940
20013 20029 27960
19960 20025 27980
19943 20021 28000
19949 20016 28020
19938 19999 28040
19945 19990 28060
19984 19996 28080
19982 20015 28100
19948 20028 28120
19967 20047 28140
19955 20022 28160
20000 20004 28180
20040 19997 28200
20001 20006 28220
19960 20015 28240
20000 19985 28260
19996 20011 28280
19983 20026 28300
20010 20014 28320
20039 20001 28340
20044 19994 28360
20031 19994 28380
20009 19999 28400
19991 20010 28420
19982 20018 28440
19979 20019 28460
19979 20020 28480
19982 20018 28500
19990 20018 28520
20001 20021 28540
20008 20017 28560
20023 20012 28580
20019 20005 28600
19989 20005 28620
19962 20011 28640
19940 20021 28660
19916 20032 28680
19918 20037 28700
19915 20038 28720
19924 20035 28740
19926 20033 28760
19931 20028 28780
19926 20018 28800
19931 20008 28820
19948 19996 28840
19965 19990 28860
19983 19988 28880
19998 19987 28900
20015 19992 28920
20019 19994 28940
20026 19997 28960
20037 19999 28980
20041 19999 29000
20036 19999 29020
20042 20004 29040
20030 20005 29060
20033 20005 29080
20030 20005 29100
20026 20005 29120
20031 20003 29140
20034 20004 29160
20032 20004 29180
20034 20010 29200
20031 20011 29220
20027 20014 29240
20033 20017 29260
20025 20018 29280
20032 20019 29300
20028 20020 29320
20026 20016 29340
20017 20018 29360
20015 20023 29380
20013 20027 29400
20007 20028 29420
20007 20027 29440
20001 20026 29460
20002 20028 29480
19986 20026 29500
19989 20025 29520
19983 20026 29540
19981 20025 29560
19969 20023 29580
19976 20022 29600
19981 20024 29620
19990 20014 29640
20004 20011 29660
20009 20007 29680
20009 20003 29700
20009 20005 29720
20013 20007 29740
20006 20009 29760
19998 20008 29780
19987 20006 29800
19977 20007 29820
19979 20007 29840
19981 20006 29860
19984 20011 29880
19986 20010 29900
19996 20010 29920
20003 20000 29940
20021 19988 29960
20039 19978 29980
20062 19966 30000
