19992 20003 20
20011 19997 40
20006 19996 60
20001 19993 80
19995 19994 100
19991 20000 120
19993 20003 140
20000 20001 160
19987 20005 180
19992 19994 200
19985 20007 220
19991 19996 240
20008 19995 260
20001 19995 280
20004 19995 300
19992 19995 320
20008 19995 340
19998 19995 360
19999 19996 380
19999 19998 400
20005 20000 420
20008 19999 440
20006 20000 460
20005 20001 480
20009 20003 500
20001 20008 520
19994 20008 540
20001 20008 560
20001 20006 580
19987 20006 600
19989 20008 620
19987 20005 640
19987 20006 660
19987 20004 680
19983 20005 700
19985 20005 720
19992 20009 740
19990 20009 760
19999 20010 780
19998 20011 800
20004 20015 820
20007 20018 840
20023 20023 860
20027 20014 880
20018 20018 900
20015 20016 920
20017 20014 940
20021 20012 960
20033 20011 980
20038 20003 1000
20032 19999 1020
20030 20000 1040
20026 20007 1060
20020 20006 1080
19994 20011 1100
19995 20013 1120
19998 20016 1140
19996 20018 1160
20004 20015 1180
20022 20014 1200
20022 20011 1220
20018 20011 1240
20012 20010 1260
20010 20009 1280
20027 20009 1300
20017 20007 1320
20021 20010 1340
20024 20012 1360
20038 20012 1380
20020 20009 1400
20016 20012 1420
20025 20008 1440
20020 20014 1460
20037 20009 1480
20033 20013 1500
20066 20006 1520
20043 20005 1540
20040 20002 1560
20029 20004 1580
20020 19996 1600
20024 20000 1620
20022 19994 1640
20013 19994 1660
20004 19995 1680
20011 19995 1700
20010 19993 1720
20011 19991 1740
20020 19989 1760
20032 19991 1780
20026 19993 1800
20035 19999 1820
20037 20003 1840
20052 20003 1860
20040 19995 1880
20035 19998 1900
20028 19999 1920
20018 20003 1940
20007 20002 1960
20006 20002 1980
19991 20002 2000
19999 20009 2020
20008 20006 2040
20000 20007 2060
20001 20003 2080
20006 20007 2100
20011 19998 2120
20013 19991 2140
20016 19984 2160
20021 19981 2180
20010 19980 2200
20009 19977 2220
20005 19978 2240
20012 19982 2260
20003 19981 2280
20004 19983 2300
20006 19988 2320
20017 19989 2340
20012 19993 2360
20022 19994 2380
20011 19998 2400
20006 19989 2420
19969 19971 2440
19954 19962 2460
19977 19971 2480
20009 19992 2500
20021 20005 2520
20010 20005 2540
19992 19996 2560
19969 19986 2580
19955 19980 2600
19958 19979 2620
19977 19981 2640
19984 19984 2660
19985 19985 2680
19983 19990 2700
19990 19989 2720
19993 19999 2740
20004 19997 2760
19991 19998 2780
19992 20003 2800
20003 20008 2820
20000 20014 2840
20004 20019 2860
20001 20019 2880
20001 20027 2900
19997 20028 2920
19989 20049 2940
20022 20033 2960
19992 20033 2980
19995 20023 3000
19966 20022 3020
19975 20019 3040
19975 20023 3060
19971 20016 3080
19975 20014 3100
19971 20007 3120
19980 20005 3140
19985 20001 3160
19979 19999 3180
19980 19996 3200
19983 19996 3220
19976 19993 3240
19980 19995 3260
19984 19994 3280
19996 19999 3300
20016 19988 3320
20005 19987 3340
20010 19985 3360
20018 19985 3380
20020 19983 3400
20020 19980 3420
20021 19981 3440
20034 19982 3460
20028 19983 3480
20021 19987 3500
20022 19983 3520
20026 19986 3540
20025 19985 3560
20019 19984 3580
20021 19985 3600
20033 19989 3620
20025 19986 3640
20023 19986 3660
20023 19987 3680
20031 19989 3700
20023 19988 3720
20029 19988 3740
20017 19989 3760
20012 19993 3780
20007 19995 3800
20006 20001 3820
20005 20005 3840
20007 20012 3860
20004 20012 3880
20012 20012 3900
20022 20008 3920
20021 20007 3940
20013 20007 3960
20008 20006 3980
20005 20005 4000
19995 20009 4020
19993 20010 4040
20003 20034 4060
20038 20017 4080
20003 20038 4100
20033 20022 4120
19998 20040 4140
20030 20024 4160
19997 20040 4180
20032 20020 4200
20001 20033 4220
20034 20015 4240
20019 20027 4260
20053 20006 4280
20019 20008 4300
20010 20002 4320
20006 20012 4340
20003 20005 4360
19983 20011 4380
19979 20008 4400
19973 20010 4420
19959 20010 4440
19952 20012 4460
19956 20014 4480
19955 20009 4500
19963 20002 4520
19959 19999 4540
19962 19999 4560
19969 20005 4580
19982 20004 4600
19977 20019 4620
20013 20005 4640
19993 20009 4660
19999 20001 4680
19981 20003 4700
19981 20005 4720
20001 20002 4740
19989 19998 4760
19983 19996 4780
19985 19994 4800
20000 19997 4820
19993 19999 4840
20003 20012 4860
20018 20003 4880
20011 19998 4900
19994 19997 4920
19991 20007 4940
20000 20009 4960
20002 20014 4980
20013 20015 5000
20004 20019 5020
19995 20010 5040
19991 20012 5060
19989 20007 5080
19981 20003 5100
19992 19999 5120
20010 20005 5140
20027 20001 5160
20021 20008 5180
20036 20000 5200
20024 20006 5220
20016 19996 5240
20006 19994 5260
19995 19997 5280
20007 20000 5300
19988 20001 5320
19986 20005 5340
19990 20005 5360
20007 20020 5380
20033 20006 5400
20025 20007 5420
20021 19998 5440
20011 19995 5460
19999 19991 5480
19994 19989 5500
19997 19988 5520
20006 19986 5540
20000 19986 5560
19998 19992 5580
19998 19991 5600
19996 19993 5620
19989 19991 5640
19987 19995 5660
19990 19994 5680
19997 19996 5700
19989 19987 5720
19982 19987 5740
19982 19986 5760
19999 19986 5780
19995 19985 5800
19985 19984 5820
19991 19989 5840
19998 19991 5860
19985 19993 5880
19991 19998 5900
19997 20000 5920
20006 19999 5940
20006 19999 5960
20009 19999 5980
20012 20000 6000
20010 20005 6020
19999 20003 6040
19999 20001 6060
20001 20001 6080
20009 19999 6100
20005 19996 6120
20000 19992 6140
20003 19996 6160
20006 19998 6180
20006 19999 6200
20003 20000 6220
20001 20001 6240
20019 20001 6260
20007 20003 6280
20002 20003 6300
20001 20004 6320
20010 20007 6340
20001 20008 6360
19998 20008 6380
19997 20011 6400
19992 20010 6420
19997 20009 6440
20004 20006 6460
20000 20008 6480
20009 20008 6500
20006 20007 6520
19994 20007 6540
19999 20007 6560
20005 20008 6580
19992 20011 6600
19985 20016 6620
19987 20013 6640
20000 20008 6660
20003 20004 6680
20007 20006 6700
20003 20007 6720
20009 20016 6740
19994 20018 6760
19995 20018 6780
19981 20019 6800
19982 20019 6820
19984 20019 6840
19985 20021 6860
19997 20016 6880
20008 20015 6900
20008 20010 6920
20001 20009 6940
20007 20010 6960
20008 20009 6980
20007 20005 7000
19992 20003 7020
19993 20004 7040
20005 20005 7060
19999 20005 7080
19994 20007 7100
19994 20007 7120
19997 20005 7140
19993 20005 7160
20001 20004 7180
19998 20004 7200
20010 20001 7220
20005 20001 7240
20005 20005 7260
20005 20013 7280
20019 20015 7300
20012 20014 7320
20007 20012 7340
20006 20011 7360
20016 20013 7380
20011 20012 7400
20003 20014 7420
20010 20014 7440
20024 20018 7460
20027 20018 7480
20022 20030 7500
20062 20023 7520
20042 20018 7540
20029 20007 7560
20033 20000 7580
20037 19996 7600
20035 20000 7620
20023 19999 7640
20021 20005 7660
20017 20004 7680
20026 20004 7700
20009 20005 7720
20006 20003 7740
19991 20004 7760
20006 20002 7780
19991 20001 7800
20001 19999 7820
20000 19997 7840
20005 19995 7860
20005 19997 7880
20004 20011 7900
20039 19999 7920
20020 19995 7940
20013 19992 7960
20011 19990 7980
20008 19989 8000
20019 19989 8020
20017 19989 8040
20030 19988 8060
20051 19984 8080
20061 19987 8100
20079 19974 8120
20054 19968 8140
20051 19969 8160
20040 19976 8180
20034 19969 8200
20035 19972 8220
20020 19976 8240
20044 19976 8260
20040 19977 8280
20029 19976 8300
20020 19981 8320
20022 19979 8340
20023 19981 8360
20007 19985 8380
20019 19981 8400
20027 19988 8420
20019 19985 8440
20024 19988 8460
20036 19984 8480
20036 19980 8500
20033 19979 8520
20011 19980 8540
20016 19984 8560
20003 19983 8580
20009 19983 8600
20007 19986 8620
20005 19985 8640
20009 19990 8660
20009 19993 8680
20013 19996 8700
20008 20000 8720
20014 20000 8740
19999 20001 8760
20002 20003 8780
20003 20007 8800
19999 20007 8820
20001 20019 8840
19988 19993 8860
20028 20008 8880
19995 19999 8900
20021 20003 8920
20007 20012 8940
19997 20008 8960
20019 20022 8980
19988 20017 9000
20009 20010 9020
20010 20007 9040
19983 20031 9060
19982 20022 9080
20002 19993 9100
19998 20001 9120
20000 20010 9140
20011 20013 9160
20011 20015 9180
19998 20018 9200
20001 20016 9220
19995 20014 9240
19991 20016 9260
19989 20014 9280
19996 20017 9300
19992 20022 9320
19984 20025 9340
19972 20025 9360
19968 20019 9380
19969 20018 9400
19976 20015 9420
19979 20015 9440
19990 20019 9460
19985 20021 9480
19979 20025 9500
19979 20026 9520
19978 20024 9540
19990 20020 9560
19994 20016 9580
19992 20012 9600
20010 20012 9620
20006 20012 9640
20003 20018 9660
20006 20018 9680
20012 20028 9700
20010 20018 9720
19999 20020 9740
20003 20013 9760
20008 20007 9780
19993 20003 9800
19982 20001 9820
19984 20000 9840
19995 20003 9860
19987 20009 9880
19989 20012 9900
19991 20016 9920
20010 20014 9940
20008 20010 9960
20008 20011 9980
20005 20010 10000
19999 20007 10020
20005 20006 10040
19995 20006 10060
19992 20007 10080
20004 20009 10100
20001 20009 10120
19999 20013 10140
20008 20012 10160
20016 20015 10180
20014 20008 10200
20005 20006 10220
20004 20005 10240
20018 20005 10260
19997 20003 10280
19998 20008 10300
20011 20004 10320
20016 20006 10340
20015 20004 10360
20010 20005 10380
20006 20002 10400
20012 20004 10420
19995 20002 10440
19996 20001 10460
19995 19999 10480
19987 19999 10500
20002 20001 10520
19995 19998 10540
20003 19995 10560
19993 19994 10580
19998 19994 10600
19998 19994 10620
19996 19998 10640
20008 19996 10660
20004 19994 10680
20003 19993 10700
20009 19992 10720
20020 19991 10740
20011 19993 10760
20015 19993 10780
20015 19995 10800
20017 19996 10820
20000 19997 10840
20000 19998 10860
19995 19997 10880
20005 19996 10900
20003 19995 10920
20006 19996 10940
20006 19998 10960
19999 20002 10980
19998 20004 11000
19982 20004 11020
19984 20004 11040
19979 20004 11060
19979 20009 11080
19968 20007 11100
19970 20011 11120
19981 20011 11140
19981 20011 11160
19986 20010 11180
19991 20005 11200
19992 20005 11220
19996 20007 11240
20003 20005 11260
19995 20005 11280
20000 20008 11300
19997 20007 11320
19997 20005 11340
19994 20006 11360
20002 20003 11380
19995 20004 11400
19987 20003 11420
19988 20003 11440
19989 20003 11460
19996 20004 11480
19991 20006 11500
19989 20005 11520
19989 20006 11540
19992 20002 11560
19993 20005 11580
19993 20004 11600
20008 20003 11620
20003 20001 11640
20001 20002 11660
20005 20002 11680
20005 20002 11700
20002 20006 11720
20011 20003 11740
19999 20004 11760
20011 20003 11780
19993 20004 11800
19996 20004 11820
19991 20005 11840
20009 20009 11860
19994 20006 11880
20000 20005 11900
19995 20008 11920
19996 20006 11940
20002 20010 11960
19994 20008 11980
19993 20008 12000
19995 20010 12020
20011 20012 12040
20019 20007 12060
20019 20005 12080
20010 20000 12100
20002 19999 12120
19997 20001 12140
19994 19999 12160
19993 20001 12180
19988 20002 12200
20002 20005 12220
19998 20003 12240
20015 20013 12260
20018 20010 12280
20016 20004 12300
20005 20002 12320
20013 20002 12340
20000 20004 12360
20000 20005 12380
20008 20000 12400
20015 19998 12420
20007 19996 12440
20004 20001 12460
20017 20000 12480
20012 20003 12500
20007 20006 12520
20000 20009 12540
20001 20010 12560
20012 20010 12580
20004 20009 12600
19997 20011 12620
19998 20011 12640
20012 20007 12660
20009 20004 12680
20008 20006 12700
20012 20004 12720
20021 20005 12740
20002 20002 12760
20000 20000 12780
19991 20001 12800
20000 20001 12820
19993 20001 12840
19993 20002 12860
19994 20000 12880
19994 20001 12900
19995 19997 12920
19993 19997 12940
19994 20002 12960
20005 20002 12980
20000 20001 13000
20003 20002 13020
20001 20007 13040
20015 20002 13060
20005 20004 13080
20002 20001 13100
20003 19997 13120
20003 19999 13140
20004 19997 13160
20004 19995 13180
20010 19996 13200
20018 19998 13220
20006 19997 13240
20009 19997 13260
20004 19998 13280
20025 19997 13300
20012 19997 13320
20006 19996 13340
20004 19996 13360
20008 20000 13380
20001 19996 13400
20000 19996 13420
20003 20007 13440
20008 20002 13460
20029 20003 13480
20014 19999 13500
20016 20003 13520
20025 19999 13540
20015 19999 13560
20009 19996 13580
20006 19994 13600
19999 19988 13620
19992 19985 13640
19995 19985 13660
19997 19991 13680
20003 19994 13700
19980 19998 13720
20009 19995 13740
20002 19999 13760
20007 20002 13780
19995 20005 13800
19989 20005 13820
19986 20003 13840
19983 20000 13860
19993 19996 13880
19996 19996 13900
19992 20003 13920
20011 20004 13940
19997 20006 13960
20000 20001 13980
19998 20003 14000
20012 19996 14020
19999 20000 14040
19999 20005 14060
19994 20007 14080
20003 20003 14100
19994 19999 14120
19991 19998 14140
19992 19999 14160
20002 19998 14180
20000 20000 14200
19992 20004 14220
19998 20006 14240
20002 20004 14260
19993 20005 14280
19992 20013 14300
19998 20010 14320
20017 20008 14340
20003 20016 14360
19997 20014 14380
20000 20020 14400
19996 20011 14420
20000 20013 14440
19995 20009 14460
20003 20009 14480
20004 20006 14500
19995 20002 14520
19991 20003 14540
20002 20007 14560
19997 20009 14580
19993 20006 14600
20000 20009 14620
19994 20011 14640
20012 20008 14660
20010 20001 14680
20017 20001 14700
20005 20004 14720
20012 20003 14740
19990 20007 14760
19992 20009 14780
19995 20008 14800
19987 20005 14820
19989 20006 14840
19984 19998 14860
19991 20000 14880
19993 20006 14900
19999 20005 14920
19985 20001 14940
19982 20004 14960
19999 20004 14980
19988 20003 15000
19995 20006 15020
20003 20011 15040
20023 20009 15060
20004 20001 15080
19996 19998 15100
19995 20007 15120
20006 20005 15140
19999 20004 15160
20005 20003 15180
19994 20007 15200
20000 20000 15220
20002 20000 15240
20003 20002 15260
20001 20001 15280
20004 20011 15300
20011 20012 15320
20004 20017 15340
20005 20016 15360
20011 20010 15380
20008 20005 15400
20004 20008 15420
20016 20012 15440
20022 20006 15460
20013 20006 15480
20011 20010 15500
20016 20012 15520
20020 20014 15540
20007 20012 15560
20004 20009 15580
20009 20002 15600
20011 20001 15620
20008 20003 15640
20011 20004 15660
19992 20007 15680
19995 20000 15700
19987 20003 15720
19990 20000 15740
19983 20003 15760
19984 20001 15780
19983 20001 15800
19982 19999 15820
19997 19999 15840
20011 19993 15860
20011 19993 15880
20006 19992 15900
20010 19996 15920
20015 19993 15940
20007 19993 15960
20001 19993 15980
19998 19990 16000
20000 19991 16020
19997 19993 16040
19998 19994 16060
19995 19997 16080
20003 19996 16100
19991 19995 16120
19990 19998 16140
19989 20000 16160
20000 20000 16180
19990 20001 16200
19998 20003 16220
19998 20002 16240
20003 20003 16260
20004 20001 16280
20005 20001 16300
19999 20007 16320
20006 20003 16340
19999 20005 16360
19989 20007 16380
19996 20006 16400
20007 20005 16420
19995 20002 16440
19990 20003 16460
19996 20004 16480
19996 20006 16500
19994 20006 16520
19993 20006 16540
20000 20008 16560
20005 20007 16580
19995 20005 16600
19994 20003 16620
19995 20005 16640
20007 20002 16660
20001 20005 16680
20004 20002 16700
20005 20003 16720
20015 20005 16740
20018 20005 16760
20030 20010 16780
20026 20013 16800
20016 20014 16820
20006 20016 16840
20008 20011 16860
20012 20011 16880
20022 20006 16900
20030 20003 16920
20025 20002 16940
20033 20001 16960
20030 20002 16980
20030 20003 17000
20027 20009 17020
20024 20015 17040
20033 20010 17060
20018 20010 17080
20020 20011 17100
20014 20015 17120
20024 20012 17140
19999 20006 17160
20002 20005 17180
19991 20003 17200
19985 20002 17220
19995 20005 17240
20000 20006 17260
20000 20012 17280
20012 20013 17300
20011 20013 17320
20011 20008 17340
20008 20008 17360
20015 20005 17380
20016 20002 17400
19997 19996 17420
20001 19993 17440
19998 19994 17460
20004 19996 17480
20007 20000 17500
20010 20003 17520
20015 20001 17540
20010 20004 17560
20010 20007 17580
20000 20011 17600
20007 20006 17620
19993 20006 17640
20003 20006 17660
19998 20006 17680
20005 20006 17700
19999 20006 17720
20013 20005 17740
20018 20007 17760
20025 20004 17780
20015 20002 17800
20018 20004 17820
20000 20009 17840
20014 20008 17860
20007 20005 17880
20008 20004 17900
20008 20004 17920
20001 20001 17940
20005 20003 17960
20004 20015 17980
20038 20009 18000
20015 20008 18020
20002 20009 18040
19991 20009 18060
19994 20012 18080
20006 20015 18100
20018 20007 18120
20006 20006 18140
19999 20007 18160
20021 20005 18180
19994 20003 18200
20008 20005 18220
20003 20010 18240
20016 20005 18260
19999 20005 18280
20003 20022 18300
20041 20015 18320
20030 20028 18340
20058 20012 18360
20024 20025 18380
20051 20012 18400
20024 20021 18420
20050 20007 18440
20030 20015 18460
20052 20000 18480
20024 20009 18500
20046 19995 18520
20018 20000 18540
20033 19991 18560
20014 20005 18580
20040 19994 18600
20009 19988 18620
19988 19990 18640
19996 19989 18660
19980 19993 18680
19977 19995 18700
19975 19997 18720
19989 19996 18740
19992 19995 18760
19983 19996 18780
19989 19999 18800
19996 19999 18820
19994 19996 18840
19994 19992 18860
19997 19987 18880
19988 19990 18900
19999 19989 18920
19992 19987 18940
20001 19992 18960
20003 19988 18980
19993 19989 19000
19987 19990 19020
19993 19993 19040
20004 19993 19060
19989 19998 19080
19981 19997 19100
19978 19999 19120
19977 19997 19140
19976 19998 19160
19976 20000 19180
19974 20009 19200
19981 20010 19220
19977 20009 19240
19976 20008 19260
19989 20002 19280
20001 19995 19300
19998 19992 19320
19999 19993 19340
19993 19999 19360
19984 20008 19380
19997 20008 19400
19997 20002 19420
20008 20004 19440
20008 19998 19460
20003 19992 19480
20000 19990 19500
19998 19999 19520
20008 20000 19540
20002 20003 19560
20005 20021 19580
20047 20016 19600
20028 20009 19620
20017 20004 19640
20017 20005 19660
20021 20005 19680
20020 19997 19700
20004 19993 19720
19993 19994 19740
20003 20000 19760
20014 19997 19780
20000 20000 19800
19993 20001 19820
19990 20004 19840
19987 20007 19860
19990 20011 19880
19992 20012 19900
19986 20011 19920
19983 20013 19940
19992 20019 19960
20019 20014 19980
19995 20014 20000
19997 20012 20020
19998 20003 20040
19994 19995 20060
19997 19994 20080
20000 19994 20100
20008 19998 20120
20007 19997 20140
20003 20003 20160
20004 20005 20180
19995 20003 20200
20004 19998 20220
20006 20001 20240
20011 19999 20260
19991 20000 20280
19982 20002 20300
19988 19999 20320
19988 19994 20340
19984 20000 20360
19988 20005 20380
19984 20009 20400
19983 20011 20420
19974 20010 20440
19978 20004 20460
19982 20002 20480
19992 19997 20500
19986 19997 20520
19987 19998 20540
20005 20000 20560
19995 19997 20580
19999 19998 20600
20002 19997 20620
20005 20002 20640
19993 20003 20660
20006 20003 20680
20001 20001 20700
20001 20006 20720
20008 20003 20740
20001 20004 20760
20003 20012 20780
20017 20008 20800
20011 20004 20820
20006 20006 20840
20017 19999 20860
20011 20002 20880
20010 19997 20900
19995 20001 20920
20005 20002 20940
20005 20008 20960
20014 20009 20980
20007 20010 21000
20003 20014 21020
20000 20011 21040
19988 20007 21060
19989 20005 21080
19998 20006 21100
20005 20009 21120
20022 20012 21140
20015 20009 21160
19999 20005 21180
20022 20002 21200
20030 19999 21220
20022 19998 21240
20016 20001 21260
20002 20004 21280
20008 20001 21300
19999 20002 21320
20001 20001 21340
19996 20004 21360
20003 20003 21380
20003 20002 21400
19991 20003 21420
19999 20004 21440
20000 20006 21460
19997 20003 21480
20011 19999 21500
20010 19997 21520
20003 19995 21540
20002 20000 21560
20001 20001 21580
19998 20006 21600
20009 20002 21620
19994 20006 21640
19999 20015 21660
20006 20015 21680
20011 20006 21700
19992 20008 21720
19991 20004 21740
19989 20004 21760
19991 20006 21780
19990 20013 21800
19991 20011 21820
19999 20010 21840
20009 20001 21860
20001 20003 21880
20001 20004 21900
20007 20010 21920
20010 20003 21940
20013 20003 21960
20003 20006 21980
20010 20005 22000
20011 20009 22020
20018 20010 22040
20009 20012 22060
20004 20016 22080
20001 20017 22100
19991 20016 22120
20005 20031 22140
20043 20021 22160
20029 20014 22180
20027 20000 22200
20016 19997 22220
20018 19996 22240
20010 19999 22260
20019 20002 22280
20015 20003 22300
20005 20024 22320
20010 20027 22340
20029 20007 22360
19997 20001 22380
19994 20007 22400
20002 20008 22420
20003 20007 22440
19998 20001 22460
19999 20003 22480
20008 20012 22500
20006 20002 22520
20011 20000 22540
20009 20004 22560
20020 20011 22580
20005 20003 22600
20010 20000 22620
20006 20001 22640
20022 19998 22660
19999 20000 22680
19990 19998 22700
19988 20002 22720
20000 20000 22740
20002 19997 22760
19995 19997 22780
19990 20003 22800
19996 20005 22820
19994 20002 22840
19997 20000 22860
19998 19997 22880
20003 20012 22900
20040 20003 22920
20029 20016 22940
20051 20003 22960
20025 20013 22980
20048 20000 23000
20013 20015 23020
20036 20004 23040
20016 20013 23060
20037 19998 23080
20017 20012 23100
20035 19999 23120
20014 20010 23140
20032 19999 23160
20015 20011 23180
20027 20001 23200
20005 20013 23220
20024 20000 23240
20005 19992 23260
19984 19994 23280
19990 19996 23300
19991 19990 23320
19993 19989 23340
20005 19996 23360
19999 20006 23380
20031 19991 23400
19999 19989 23420
20000 19989 23440
20012 19988 23460
19996 19985 23480
19999 19988 23500
20000 19991 23520
20006 19990 23540
19998 19990 23560
19999 19990 23580
19997 19991 23600
20012 19986 23620
20005 19985 23640
20005 19990 23660
20007 19997 23680
20003 19997 23700
20005 20002 23720
20012 19997 23740
20009 20002 23760
20003 19999 23780
19991 19994 23800
19987 19991 23820
19987 19991 23840
19994 19992 23860
20001 19991 23880
19980 20000 23900
20013 20004 23920
20001 20002 23940
19997 20002 23960
19995 20003 23980
20004 20007 24000
20001 20007 24020
19998 20004 24040
19984 20005 24060
19983 20006 24080
19987 20004 24100
19978 20003 24120
19984 20003 24140
19981 20000 24160
19990 19993 24180
19981 19992 24200
19986 19997 24220
20003 20001 24240
20004 19999 24260
19994 20001 24280
19992 20002 24300
19999 20007 24320
20009 20007 24340
19997 20003 24360
19998 19999 24380
20008 20000 24400
19997 20002 24420
20009 20006 24440
20002 20009 24460
20001 20012 24480
20011 20011 24500
20004 20011 24520
20016 20034 24540
20057 20014 24560
20019 20013 24580
20017 20004 24600
20007 20003 24620
19991 20008 24640
20001 20003 24660
19994 19999 24680
20005 19996 24700
20002 19999 24720
20012 19993 24740
19991 19992 24760
19984 19993 24780
19990 20000 24800
20001 20000 24820
19991 20002 24840
19987 20001 24860
19992 20001 24880
19986 19999 24900
19983 19995 24920
19981 19992 24940
19981 19997 24960
19983 19994 24980
19982 19995 25000
19982 19996 25020
19985 20001 25040
19993 20000 25060
19988 19999 25080
19992 20003 25100
19997 20004 25120
19999 20007 25140
19999 20003 25160
19993 20002 25180
19987 20001 25200
19992 20001 25220
19999 20007 25240
20012 20001 25260
19992 20005 25280
19997 19999 25300
19990 19997 25320
19991 20001 25340
20004 20008 25360
20012 20004 25380
20001 20007 25400
20012 20006 25420
20018 20009 25440
20014 20010 25460
20009 20011 25480
20014 20018 25500
20019 20018 25520
20008 20013 25540
19993 20009 25560
19987 20010 25580
19995 20008 25600
19995 20010 25620
20002 20008 25640
20013 20004 25660
20011 20006 25680
20013 20006 25700
19996 20008 25720
19992 20009 25740
19996 20011 25760
20006 20006 25780
20001 20008 25800
19998 20004 25820
19995 20011 25840
19996 20010 25860
19991 20001 25880
19989 19993 25900
19998 19995 25920
20003 19993 25940
19999 19996 25960
19993 20000 25980
19997 20003 26000
20001 20005 26020
20004 20007 26040
20011 20005 26060
20009 20003 26080
20012 20003 26100
19999 20004 26120
20002 20004 26140
19996 20009 26160
20016 20007 26180
19995 20006 26200
19998 20006 26220
19998 20012 26240
20012 20005 26260
20003 20005 26280
20003 20006 26300
20006 20006 26320
20006 20006 26340
20019 20004 26360
20008 20003 26380
20006 20005 26400
20007 20002 26420
20005 19997 26440
20004 19994 26460
20005 19992 26480
20016 19983 26500
20018 19980 26520
20021 19981 26540
20031 19983 26560
20041 19991 26580
20044 19999 26600
20046 20006 26620
20039 20016 26640
20048 20014 26660
20033 20018 26680
20020 20013 26700
20020 20014 26720
20032 20005 26740
20038 20021 26760
20009 19997 26780
20052 20002 26800
20032 20002 26820
20048 19996 26840
20044 20008 26860
20035 20002 26880
20036 20006 26900
20006 20013 26920
20007 20012 26940
20003 20018 26960
19999 20014 26980
20000 20017 27000
19995 20016 27020
20002 20012 27040
20008 20010 27060
20021 20003 27080
20026 20002 27100
20013 20005 27120
20008 20000 27140
20007 20003 27160
20004 19999 27180
19997 20002 27200
20001 19994 27220
19993 19990 27240
19987 19988 27260
19985 19988 27280
19986 19990 27300
19991 19995 27320
19993 19997 27340
19994 20001 27360
19993 19997 27380
19983 19994 27400
19980 19995 27420
19984 20000 27440
19989 19999 27460
19991 20004 27480
19991 20008 27500
19980 20007 27520
19986 20012 27540
19986 20013 27560
19987 20011 27580
19994 20010 27600
20016 20004 27620
20001 20000 27640
20010 19999 27660
19996 20005 27680
20004 20001 27700
19988 20005 27720
19985 20006 27740
19983 20008 27760
19985 20007 27780
19995 20003 27800
20003 19997 27820
20011 20005 27840
20012 19999 27860
20000 19996 27880
20000 19996 27900
19999 19999 27920
20008 20000 27940
20000 20008 27960
19994 20015 27980
19982 20019 28000
19975 20017 28020
19970 20013 28040
19977 20010 28060
19984 20013 28080
19998 20009 28100
19991 20011 28120
19997 20009 28140
19990 20013 28160
20000 20010 28180
19999 20009 28200
19998 20008 28220
20000 20010 28240
20003 20009 28260
19999 20011 28280
20001 20008 28300
19997 20010 28320
20006 20005 28340
20005 20000 28360
19999 20001 28380
20014 20005 28400
20010 20011 28420
20026 20010 28440
20023 20006 28460
20005 20006 28480
20014 20001 28500
20016 20000 28520
20018 19997 28540
20023 20001 28560
20034 19997 28580
20020 19997 28600
20012 19993 28620
20006 19992 28640
20011 19992 28660
20012 19994 28680
20012 19997 28700
20010 19997 28720
20013 20001 28740
20026 19999 28760
20024 19999 28780
20010 20001 28800
20013 19994 28820
19987 19996 28840
19975 19995 28860
19972 20004 28880
19979 20003 28900
19973 20009 28920
19975 20019 28940
19978 20026 28960
19982 20022 28980
19995 20021 29000
20002 20018 29020
20002 20020 29040
20007 20016 29060
19994 20013 29080
19993 20015 29100
19992 20018 29120
20005 20011 29140
19999 20009 29160
19997 20009 29180
20003 20008 29200
20009 20006 29220
20013 20004 29240
20015 20002 29260
20014 20003 29280
20022 19999 29300
20009 19997 29320
20004 19998 29340
20018 20009 29360
20014 20003 29380
19992 20005 29400
19988 20007 29420
20003 20012 29440
20008 20011 29460
20027 20005 29480
20011 20001 29500
20003 20004 29520
20014 19999 29540
20008 19996 29560
20011 19999 29580
20010 20009 29600
20030 20006 29620
20024 20010 29640
20015 20000 29660
20010 20006 29680
20007 19996 29700
19998 20002 29720
19987 20001 29740
19983 20002 29760
19977 20007 29780
19973 20009 29800
19968 20011 29820
19961 20021 29840
19973 20016 29860
19984 20006 29880
19984 20002 29900
19979 20006 29920
19988 20007 29940
20016 19998 29960
19977 19997 29980
19973 19997 30000
20037 20001 30020
19994 20009 30040
19976 20014 30060
19992 20017 30080
19982 20017 30100
19969 20011 30120
19993 20004 30140
19976 20018 30160
19973 20011 30180
19978 20014 30200
19966 20015 30220
19988 20017 30240
19994 19998 30260
19965 20010 30280
19970 20020 30300
19992 20014 30320
20011 20005 30340
19988 20010 30360
19997 20011 30380
20004 20012 30400
20031 20020 30420
20018 20007 30440
20024 20006 30460
20038 20001 30480
20035 20018 30500
20073 20006 30520
20045 20027 30540
20044 20024 30560
20032 20032 30580
20056 20019 30600
20036 20031 30620
20047 20017 30640
20021 20028 30660
20032 20016 30680
20003 20029 30700
20022 20021 30720
20003 20026 30740
20014 20015 30760
19989 20014 30780
20014 20009 30800
20008 20020 30820
20025 20006 30840
19995 20000 30860
20017 20003 30880
20002 19996 30900
19990 19999 30920
19991 19992 30940
19987 20001 30960
20001 20005 30980
19987 20004 31000
19962 20002 31020
19952 20004 31040
19955 19993 31060
19947 19994 31080
19961 19996 31100
19969 20004 31120
19988 20005 31140
19967 19999 31160
19972 20001 31180
19981 19994 31200
19995 19997 31220
19968 20000 31240
19965 19994 31260
19969 19994 31280
19978 19982 31300
19991 19973 31320
19991 19975 31340
20003 19981 31360
20005 19989 31380
20004 19989 31400
20010 19990 31420
20007 19994 31440
20007 19995 31460
20008 19996 31480
19996 20002 31500
19999 19997 31520
19980 19986 31540
19992 19987 31560
19994 19991 31580
20012 19992 31600
20011 19991 31620
20010 19985 31640
19997 19986 31660
19992 19983 31680
20020 19987 31700
20009 19995 31720
20012 20000 31740
20001 20012 31760
19988 20006 31780
19974 20001 31800
19972 19998 31820
19985 19990 31840
20001 19991 31860
20017 19993 31880
20021 20002 31900
20007 20006 31920
19998 20003 31940
19987 19995 31960
19989 19992 31980
19999 19994 32000
20016 19999 32020
20026 20012 32040
19997 20027 32060
19945 20123 32080
19641 20137 32100
19559 20107 32120
19621 20039 32140
19826 19963 32160
20008 19967 32180
19874 19984 32200
19686 20049 32220
19520 20094 32240
19488 20138 32260
19405 20157 32280
19453 20110 32300
19742 19839 32320
20600 18696 32340
22118 17049 32360
21867 16353 32380
19573 16939 32400
16858 18433 32420
15397 19880 32440
16592 20081 32460
19020 19423 32480
20798 18557 32500
21314 17987 32520
20927 17771 32540
20308 17742 32560
19535 17903 32580
18491 18312 32600
17533 18878 32620
17039 19402 32640
17039 19799 32660
17369 20043 32680
17837 20173 32700
18332 20211 32720
18818 20168 32740
19544 19913 32760
20460 19336 32780
21080 18762 32800
20498 18962 32820
19148 19720 32840
18785 19876 32860
19829 19305 32880
20215 18959 32900
19331 19336 32920
19046 20002 32940
19280 19834 32960
19785 19525 32980
20553 19526 33000
20683 19703 33020
20157 19588 33040
19651 19643 33060
20000 19712 33080
19619 19874 33100
20454 20074 33120
19309 19596 33140
20404 19989 33160
20392 20121 33180
19966 19983 33200
19940 19908 33220
20108 19923 33240
20161 19951 33260
20106 19950 33280
20106 20012 33300
20162 20098 33320
20019 20070 33340
19973 20061 33360
19912 19965 33380
19819 19999 33400
19743 20006 33420
19705 20053 33440
19702 20043 33460
19780 20029 33480
19744 20058 33500
19691 20085 33520
19752 20119 33540
19788 20159 33560
19788 20136 33580
19797 20055 33600
19866 20099 33620
19881 20191 33640
19934 20167 33660
19863 20191 33680
19921 20245 33700
19873 20259 33720
19813 20209 33740
19787 20127 33760
19926 20153 33780
20095 20216 33800
20143 20270 33820
20170 20326 33840
20093 20308 33860
19964 20227 33880
20024 20202 33900
20188 20236 33920
20274 20249 33940
20261 20251 33960
20244 20254 33980
20260 20252 34000
20281 20224 34020
20308 20199 34040
20236 20219 34060
20157 20251 34080
20088 20315 34100
20202 20358 34120
20268 20360 34140
20322 20317 34160
20413 20281 34180
20380 20265 34200
20313 20308 34220
20255 20362 34240
20300 20349 34260
20384 20317 34280
20363 20352 34300
20339 20357 34320
20485 20262 34340
20604 20177 34360
20506 20199 34380
20305 20297 34400
20206 20357 34420
20287 20379 34440
20426 20313 34460
20531 20248 34480
20511 20223 34500
20477 20198 34520
20425 20228 34540
20307 20262 34560
20272 20292 34580
20262 20305 34600
20307 20300 34620
20358 20271 34640
20407 20235 34660
20444 20199 34680
20455 20173 34700
20446 20163 34720
20395 20167 34740
20310 20163 34760
20253 20158 34780
20223 20168 34800
20193 20185 34820
20145 20216 34840
20088 20254 34860
20060 20282 34880
20058 20298 34900
20065 20310 34920
20075 20318 34940
20084 20318 34960
20093 20304 34980
20090 20289 35000
20105 20275 35020
20126 20253 35040
20153 20232 35060
20170 20210 35080
20153 20182 35100
20138 20146 35120
20144 20109 35140
20161 20079 35160
20202 20059 35180
20240 20052 35200
20279 20048 35220
20308 20053 35240
20330 20067 35260
20353 20090 35280
20374 20115 35300
20378 20141 35320
20367 20166 35340
20351 20182 35360
20309 20189 35380
20278 20190 35400
20254 20187 35420
20234 20186 35440
20222 20185 35460
20206 20184 35480
20195 20182 35500
20176 20184 35520
20170 20184 35540
20159 20183 35560
20157 20181 35580
20142 20180 35600
20141 20179 35620
20141 20176 35640
20155 20173 35660
20151 20168 35680
20162 20164 35700
20176 20156 35720
20187 20151 35740
20192 20146 35760
20186 20141 35780
20187 20136 35800
20188 20128 35820
20184 20120 35840
20172 20110 35860
20177 20103 35880
20163 20098 35900
20159 20096 35920
20147 20093 35940
20135 20089 35960
20125 20086 35980
20102 20087 36000
20091 20092 36020
20083 20093 36040
20080 20094 36060
20068 20099 36080
20061 20102 36100
20043 20109 36120
20038 20112 36140
20035 20119 36160
20043 20123 36180
20044 20124 36200
20046 20125 36220
20049 20127 36240
20057 20125 36260
20051 20126 36280
20056 20127 36300
20073 20128 36320
20076 20122 36340
20090 20119 36360
20091 20115 36380
20102 20113 36400
20099 20109 36420
20109 20108 36440
20104 20110 36460
20110 20107 36480
20104 20108 36500
20100 20105 36520
20106 20105 36540
20092 20102 36560
20084 20097 36580
20077 20093 36600
20066 20091 36620
20064 20086 36640
20061 20075 36660
20050 20073 36680
20048 20069 36700
20037 20072 36720
20044 20063 36740
20059 20058 36760
20051 20063 36780
20058 20063 36800
20049 20058 36820
20044 20062 36840
20037 20056 36860
20030 20056 36880
20005 20057 36900
20014 20061 36920
20019 20055 36940
20003 20058 36960
20002 20071 36980
19992 20067 37000
20010 20074 37020
20011 20079 37040
20024 20074 37060
20034 20069 37080
20054 20064 37100
20048 20062 37120
20058 20063 37140
20069 20057 37160
20087 20049 37180
20092 20043 37200
20090 20036 37220
20086 20040 37240
20071 20038 37260
20073 20041 37280
20073 20045 37300
20081 20045 37320
20071 20047 37340
20077 20041 37360
20077 20035 37380
20077 20032 37400
20093 20019 37420
20101 20011 37440
20095 20012 37460
20094 20016 37480
20085 20021 37500
20094 20026 37520
20096 20022 37540
20094 20023 37560
20089 20028 37580
20077 20025 37600
20081 20020 37620
20069 20022 37640
20067 20017 37660
20067 20020 37680
20056 20023 37700
20058 20029 37720
20059 20030 37740
20041 20032 37760
20035 20034 37780
20031 20036 37800
20023 20034 37820
20019 20036 37840
20015 20037 37860
20012 20039 37880
19993 20040 37900
19992 20044 37920
19984 20044 37940
19976 20046 37960
19969 20044 37980
19960 20045 38000
19957 20044 38020
19962 20044 38040
19963 20044 38060
19955 20047 38080
19955 20048 38100
19943 20046 38120
19947 20047 38140
19939 20044 38160
19943 20045 38180
19948 20044 38200
19946 20043 38220
19943 20041 38240
19945 20038 38260
19954 20038 38280
19956 20041 38300
19974 20043 38320
19966 20041 38340
19978 20041 38360
19969 20038 38380
19977 20037 38400
19973 20039 38420
19977 20033 38440
19971 20030 38460
19960 20042 38480
19988 20039 38500
19981 20037 38520
19983 20038 38540
19989 20034 38560
19991 20028 38580
19991 20025 38600
19996 20021 38620
19994 20020 38640
20001 20021 38660
20001 20021 38680
20006 20014 38700
20010 20009 38720
20028 20008 38740
20037 20009 38760
20044 20010 38780
20046 20009 38800
20051 20010 38820
20072 20015 38840
20074 20020 38860
20080 20026 38880
20074 20028 38900
20071 20029 38920
20071 20036 38940
20072 20040 38960
20060 20043 38980
20054 20046 39000
20043 20049 39020
20037 20047 39040
20021 20048 39060
20027 20047 39080
20029 20043 39100
20020 20040 39120
20026 20038 39140
20019 20033 39160
20015 20034 39180
19996 20030 39200
19997 20022 39220
19987 20022 39240
19980 20013 39260
19983 20008 39280
19977 20001 39300
19989 19994 39320
19988 19987 39340
20001 19984 39360
19995 19976 39380
20001 19975 39400
20009 19968 39420
20029 19968 39440
20038 19966 39460
20041 19975 39480
20038 19979 39500
20024 19985 39520
20024 19991 39540
20009 19991 39560
20008 19998 39580
20008 20005 39600
19998 20007 39620
19992 20009 39640
19991 20012 39660
19987 20014 39680
19989 20017 39700
19987 20021 39720
19976 20026 39740
19978 20027 39760
19979 20029 39780
19981 20030 39800
19987 20031 39820
19989 20030 39840
19992 20031 39860
19993 20028 39880
19998 20023 39900
20001 20022 39920
20006 20020 39940
20011 20018 39960
20013 20017 39980
20008 20015 40000
20019 20012 40020
20014 20009 40040
20024 20008 40060
20013 20007 40080
20032 20003 40100
20022 20007 40120
20032 20006 40140
20021 20007 40160
20017 20003 40180
20009 19996 40200
20012 19993 40220
20020 19990 40240
20022 19988 40260
20024 19990 40280
20017 19989 40300
20014 19990 40320
20002 19988 40340
19987 19991 40360
19993 19987 40380
19995 19982 40400
19992 19982 40420
19996 19980 40440
19997 19982 40460
19993 19984 40480
19989 19988 40500
19981 19991 40520
19980 19994 40540
19969 19996 40560
19983 19997 40580
19973 19999 40600
19981 19999 40620
19973 20001 40640
19978 20002 40660
19974 20001 40680
19975 20004 40700
19975 20007 40720
19974 20010 40740
19970 20012 40760
19966 20014 40780
19969 20015 40800
19971 20013 40820
19979 20016 40840
19974 20018 40860
19972 20019 40880
19975 20021 40900
19971 20023 40920
19970 20024 40940
19971 20025 40960
19969 20023 40980
19967 20022 41000
19968 20020 41020
19976 20024 41040
19973 20028 41060
19976 20026 41080
19982 20023 41100
19984 20019 41120
19987 20017 41140
19986 20016 41160
19990 20017 41180
19982 20016 41200
19982 20017 41220
19982 20018 41240
19987 20015 41260
19992 20009 41280
20006 20001 41300
20011 19993 41320
20016 19986 41340
20022 19985 41360
20027 19986 41380
20037 19987 41400
20040 19986 41420
20043 19988 41440
20053 19987 41460
20064 19986 41480
20069 19985 41500
20077 19986 41520
20089 19992 41540
20097 19996 41560
20100 20007 41580
20098 20014 41600
20090 20018 41620
20079 20020 41640
20066 20021 41660
20066 20020 41680
20054 20020 41700
20034 20019 41720
20024 20019 41740
20014 20016 41760
20009 20012 41780
20003 20003 41800
20003 20000 41820
20003 19994 41840
20007 19991 41860
20011 19989 41880
20011 19985 41900
20015 19983 41920
20021 19979 41940
20029 19972 41960
20031 19969 41980
20037 19968 42000
20059 19971 42020
20061 19972 42040
20074 19976 42060
20071 19978 42080
20077 19978 42100
20072 19977 42120
20081 19977 42140
20078 19979 42160
20079 19981 42180
20081 19981 42200
20081 19983 42220
20080 19984 42240
20081 19986 42260
20071 19989 42280
20066 19988 42300
20062 19990 42320
20050 19991 42340
20045 19993 42360
20034 19994 42380
20035 19996 42400
20024 20002 42420
20022 20005 42440
20016 20006 42460
20013 20009 42480
20015 20008 42500
20011 20008 42520
20011 20008 42540
20014 20008 42560
20025 20006 42580
20021 20008 42600
20026 20010 42620
20029 20013 42640
20022 20010 42660
20022 20011 42680
20028 20012 42700
20032 20012 42720
20035 20010 42740
20039 20008 42760
20044 20005 42780
20051 20004 42800
20052 19996 42820
20057 19993 42840
20054 19992 42860
20055 19990 42880
20044 19988 42900
20038 19987 42920
20027 19989 42940
20019 19988 42960
20014 19986 42980
20013 19983 43000
20009 19983 43020
20000 19983 43040
19996 19979 43060
19990 19977 43080
19991 19978 43100
19990 19975 43120
19985 19975 43140
19960 19978 43160
19948 19980 43180
19936 19982 43200
19928 19985 43220
19919 19988 43240
19931 19989 43260
19922 19992 43280
19926 19992 43300
19922 19992 43320
19919 19995 43340
19928 19997 43360
19922 20000 43380
19929 19997 43400
19929 19998 43420
19930 20002 43440
19928 20001 43460
19927 20002 43480
19927 20002 43500
19923 20007 43520
19923 20006 43540
19928 20006 43560
19929 20008 43580
19929 20010 43600
19935 20009 43620
19925 20010 43640
19932 20011 43660
19935 20011 43680
19940 20010 43700
19940 20008 43720
19950 20006 43740
19954 20005 43760
19952 20006 43780
19955 20008 43800
19952 20008 43820
19966 20008 43840
19971 20008 43860
19977 20007 43880
19971 20004 43900
19967 20005 43920
19982 20000 43940
19992 20002 43960
20005 20001 43980
20017 20002 44000
20027 20005 44020
20038 20004 44040
20042 20004 44060
20041 20007 44080
20058 20012 44100
20053 20020 44120
20074 20025 44140
20067 20032 44160
20073 20040 44180
20069 20048 44200
20062 20058 44220
20054 20066 44240
20045 20069 44260
20031 20068 44280
20018 20064 44300
20008 20063 44320
20003 20060 44340
19996 20060 44360
19988 20052 44380
19985 20044 44400
19983 20035 44420
19987 20030 44440
19993 20025 44460
19998 20022 44480
20003 20018 44500
20021 20014 44520
20018 20009 44540
20035 20008 44560
20043 20006 44580
20047 20007 44600
20066 20006 44620
20063 20005 44640
20071 20008 44660
20074 20007 44680
20078 20006 44700
20083 20012 44720
20092 20016 44740
20088 20019 44760
20091 20021 44780
20091 20020 44800
20092 20023 44820
20088 20021 44840
20088 20025 44860
20097 20029 44880
20086 20030 44900
20091 20031 44920
20082 20027 44940
20082 20028 44960
20075 20024 44980
20068 20019 45000
20068 20016 45020
20059 20008 45040
20052 20004 45060
20048 19995 45080
20050 19993 45100
20037 19992 45120
20034 19993 45140
20016 19991 45160
20005 19989 45180
19998 19989 45200
19990 19989 45220
19979 19988 45240
19976 19986 45260
19971 19987 45280
19968 19989 45300
19957 19993 45320
19949 19996 45340
19954 19996 45360
19943 20001 45380
19949 20006 45400
19942 20008 45420
19938 20005 45440
19944 20005 45460
19945 20007 45480
19945 20007 45500
19948 20010 45520
19951 20010 45540
19949 20012 45560
19959 20012 45580
19957 20012 45600
19965 20008 45620
19963 20009 45640
19957 20009 45660
19968 20006 45680
19977 20001 45700
19980 20000 45720
19987 19993 45740
19994 19990 45760
19999 19989 45780
20004 19985 45800
20005 19985 45820
20011 19980 45840
20007 19975 45860
20007 19976 45880
20004 19974 45900
19999 19972 45920
19995 19973 45940
19990 19970 45960
19984 19972 45980
19974 19974 46000
19972 19975 46020
19966 19975 46040
19964 19973 46060
19961 19975 46080
19960 19977 46100
19956 19978 46120
19953 19983 46140
19953 19985 46160
19950 19985 46180
19945 19984 46200
19942 19985 46220
19934 19985 46240
19935 19989 46260
19937 19987 46280
19936 19986 46300
19937 19987 46320
19940 19988 46340
19949 19988 46360
19946 19989 46380
19949 19989 46400
19950 19991 46420
19952 19992 46440
19950 19996 46460
19946 19998 46480
19938 19999 46500
19939 20000 46520
19948 19998 46540
19951 20000 46560
19957 19999 46580
19957 19999 46600
19972 19998 46620
19970 19997 46640
19970 19998 46660
19987 19999 46680
19992 20000 46700
19995 20002 46720
19997 20004 46740
19998 20007 46760
20003 20009 46780
20009 20011 46800
20016 20012 46820
20025 20016 46840
20023 20021 46860
20032 20024 46880
20032 20030 46900
20038 20034 46920
20041 20037 46940
20041 20042 46960
20038 20046 46980
20035 20049 47000
20025 20051 47020
20018 20052 47040
20016 20053 47060
20012 20053 47080
20012 20049 47100
20001 20046 47120
19999 20041 47140
19991 20037 47160
19997 20033 47180
19995 20029 47200
19991 20026 47220
19997 20024 47240
20003 20018 47260
20009 20015 47280
20020 20013 47300
20022 20012 47320
20031 20011 47340
20035 20009 47360
20045 20008 47380
20063 20007 47400
20064 20010 47420
20079 20010 47440
20087 20010 47460
20087 20013 47480
20091 20016 47500
20095 20013 47520
20095 20015 47540
20103 20013 47560
20108 20015 47580
20105 20014 47600
20114 20017 47620
20109 20021 47640
20110 20025 47660
20106 20025 47680
20097 20026 47700
20092 20024 47720
20087 20021 47740
20084 20020 47760
20077 20018 47780
20072 20014 47800
20056 20009 47820
20056 20005 47840
20033 20003 47860
20023 20002 47880
20009 20005 47900
20008 20005 47920
19999 20005 47940
19995 20003 47960
19985 20005 47980
19977 20008 48000
19978 20008 48020
19980 20009 48040
19982 20011 48060
19986 20013 48080
19996 20013 48100
19990 20012 48120
20001 20011 48140
20005 20009 48160
20008 20009 48180
20010 20008 48200
20012 20006 48220
20014 20004 48240
20006 20001 48260
20003 19998 48280
20005 19997 48300
20004 19997 48320
20002 19994 48340
20001 19989 48360
20006 19987 48380
20005 19981 48400
20010 19978 48420
20006 19974 48440
19997 19970 48460
19988 19969 48480
19982 19966 48500
19973 19966 48520
19959 19964 48540
19947 19967 48560
19941 19967 48580
19918 19969 48600
19911 19972 48620
19900 19974 48640
19894 19978 48660
19895 19979 48680
19899 19979 48700
19899 19980 48720
19897 19980 48740
19897 19982 48760
19894 19986 48780
19893 19988 48800
19892 19990 48820
19900 19991 48840
19890 19989 48860
19903 19989 48880
19900 19992 48900
19901 19992 48920
19900 19996 48940
19901 19998 48960
19897 19999 48980
19897 20002 49000
19905 20002 49020
19907 20003 49040
19911 19999 49060
19915 19999 49080
19927 19996 49100
19928 19994 49120
19946 19998 49140
19947 20004 49160
19942 20006 49180
19937 20006 49200
19938 20006 49220
19946 20005 49240
19951 20003 49260
19961 20004 49280
19967 20003 49300
19976 20001 49320
19990 19997 49340
20015 19993 49360
20028 19995 49380
20034 19999 49400
20043 19997 49420
20060 19999 49440
20060 20003 49460
20073 20009 49480
20074 20016 49500
20080 20021 49520
20083 20028 49540
20077 20036 49560
20078 20042 49580
20064 20045 49600
20057 20046 49620
20049 20046 49640
20040 20045 49660
20034 20046 49680
20031 20043 49700
20025 20042 49720
20017 20038 49740
20015 20036 49760
20009 20032 49780
20020 20027 49800
20017 20023 49820
20017 20021 49840
20022 20019 49860
20028 20017 49880
20035 20016 49900
20040 20016 49920
20043 20013 49940
20046 20012 49960
20052 20011 49980
20058 20010 50000
20064 20013 50020
20071 20011 50040
20081 20009 50060
20077 20006 50080
20079 20008 50100
20085 20011 50120
20092 20011 50140
20095 20011 50160
20094 20013 50180
20089 20017 50200
20085 20017 50220
20090 20020 50240
20090 20023 50260
20092 20027 50280
20094 20029 50300
20090 20031 50320
20085 20031 50340
20076 20030 50360
20072 20028 50380
20068 20027 50400
20059 20025 50420
20053 20025 50440
20042 20024 50460
20035 20023 50480
20032 20020 50500
20026 20018 50520
20020 20017 50540
20018 20015 50560
20021 20012 50580
20008 20011 50600
20011 20007 50620
20006 20008 50640
20009 20007 50660
20011 20005 50680
20015 20000 50700
20014 19999 50720
20011 19999 50740
20007 20000 50760
20013 19999 50780
20016 19996 50800
20024 19993 50820
20030 19986 50840
20030 19981 50860
20029 19976 50880
20038 19971 50900
20037 19967 50920
20037 19962 50940
20037 19960 50960
20029 19955 50980
20017 19952 51000
20012 19950 51020
20008 19952 51040
20011 19952 51060
20006 19950 51080
20001 19951 51100
19982 19953 51120
19974 19955 51140
19957 19956 51160
19951 19957 51180
19948 19959 51200
19944 19961 51220
19941 19962 51240
19942 19966 51260
19938 19971 51280
19927 19976 51300
19924 19982 51320
19902 19986 51340
19890 19990 51360
19883 19992 51380
19883 19994 51400
19887 19997 51420
19894 20001 51440
19900 20000 51460
19893 20002 51480
19896 20003 51500
19900 20006 51520
19896 20008 51540
19897 20011 51560
19909 20010 51580
19904 20011 51600
19912 20008 51620
19924 20009 51640
19935 20010 51660
19944 20012 51680
19945 20012 51700
19943 20014 51720
19938 20015 51740
19933 20013 51760
19938 20013 51780
19955 20010 51800
19954 20010 51820
19960 20011 51840
19965 20011 51860
19971 20012 51880
19970 20013 51900
19973 20011 51920
19984 20007 51940
19994 20004 51960
20002 20004 51980
20006 20000 52000
20024 19997 52020
20042 19995 52040
20061 19997 52060
20075 20001 52080
20084 20002 52100
20092 20003 52120
20107 20007 52140
20114 20015 52160
20125 20023 52180
20132 20033 52200
20136 20040 52220
20129 20047 52240
20127 20053 52260
20122 20055 52280
20112 20059 52300
20113 20061 52320
20090 20063 52340
20083 20063 52360
20058 20060 52380
20044 20058 52400
20031 20053 52420
20023 20053 52440
20016 20049 52460
20015 20046 52480
20010 20042 52500
20004 20037 52520
20006 20035 52540
20006 20035 52560
20008 20034 52580
20008 20034 52600
19999 20035 52620
20015 20034 52640
20029 20032 52660
20016 20029 52680
20021 20028 52700
20025 20027 52720
20027 20026 52740
20030 20025 52760
20027 20027 52780
20029 20027 52800
20028 20027 52820
20038 20029 52840
20027 20029 52860
20037 20032 52880
20029 20036 52900
20029 20032 52920
20033 20035 52940
20026 20037 52960
20023 20042 52980
20018 20044 53000
20000 20047 53020
19994 20048 53040
19982 20049 53060
19973 20050 53080
19969 20047 53100
19955 20045 53120
19951 20044 53140
19947 20042 53160
19948 20042 53180
19945 20042 53200
19942 20041 53220
19947 20040 53240
19952 20038 53260
19961 20037 53280
19974 20033 53300
19983 20030 53320
19991 20025 53340
19998 20024 53360
19992 20023 53380
20004 20025 53400
20009 20025 53420
20026 20021 53440
20050 20013 53460
20067 20001 53480
20081 19989 53500
20095 19975 53520
20106 19963 53540
20109 19952 53560
20114 19945 53580
20107 19938 53600
20102 19932 53620
20087 19928 53640
20076 19924 53660
20064 19922 53680
20050 19921 53700
20037 19920 53720
20027 19922 53740
20015 19924 53760
20009 19927 53780
19997 19929 53800
19993 19929 53820
19987 19933 53840
19982 19935 53860
19972 19942 53880
19970 19945 53900
19966 19945 53920
19944 19953 53940
19881 19992 53960
19803 20060 53980
19784 20101 54000
19892 20075 54020
19990 20029 54040
20045 19983 54060
20055 19962 54080
20022 19972 54100
19967 19995 54120
19908 20022 54140
19862 20045 54160
19844 20059 54180
19849 20063 54200
19872 20067 54220
19892 20068 54240
19912 20062 54260
19939 20053 54280
19953 20046 54300
19960 20042 54320
19954 20038 54340
19950 20036 54360
19936 20034 54380
19931 20031 54400
19918 20027 54420
19910 20023 54440
19907 20022 54460
19912 20019 54480
19917 20017 54500
19915 20013 54520
19922 20012 54540
19933 20008 54560
19948 20005 54580
19948 20004 54600
19963 20002 54620
19959 20002 54640
19960 20002 54660
19959 20001 54680
19960 20003 54700
19963 20002 54720
19960 20000 54740
19960 20001 54760
19958 20000 54780
19965 19999 54800
19959 19997 54820
19968 19998 54840
19955 19998 54860
19951 19997 54880
19956 19997 54900
19954 19998 54920
19949 19997 54940
19947 19998 54960
19949 19994 54980
19942 19987 55000
19943 19980 55020
19944 19974 55040
19950 19965 55060
19950 19959 55080
19963 19950 55100
19956 19943 55120
19967 19936 55140
19978 19930 55160
19998 19923 55180
20021 19918 55200
20040 19911 55220
20062 19916 55240
20087 19925 55260
20121 19943 55280
20140 19970 55300
20157 20006 55320
20138 20046 55340
20093 20072 55360
20025 20081 55380
19959 20074 55400
19895 20060 55420
19846 20035 55440
19822 20002 55460
19819 19967 55480
19836 19935 55500
19872 19910 55520
19923 19891 55540
19978 19885 55560
20040 19889 55580
20078 19900 55600
20124 19921 55620
20146 19942 55640
20144 19956 55660
20131 19967 55680
20126 19977 55700
20123 19989 55720
20107 19998 55740
20087 20002 55760
20059 19997 55780
20040 19983 55800
20025 19970 55820
20042 19959 55840
20056 19956 55860
20077 19957 55880
20102 19964 55900
20128 19974 55920
20147 19985 55940
20154 19998 55960
20153 20010 55980
20144 20021 56000
20125 20027 56020
20103 20032 56040
20094 20033 56060
20068 20035 56080
20058 20033 56100
20043 20035 56120
20033 20037 56140
20026 20041 56160
20032 20044 56180
20050 20042 56200
20087 20029 56220
20117 20014 56240
20121 20003 56260
20108 19998 56280
20079 19996 56300
20058 20004 56320
20017 20016 56340
20000 20022 56360
19984 20018 56380
19976 20012 56400
19950 20019 56420
19925 20031 56440
19913 20039 56460
19969 20021 56480
20013 19989 56500
20037 19965 56520
20007 19967 56540
19956 19992 56560
19925 20024 56580
19900 20054 56600
19920 20069 56620
19972 20060 56640
20053 20021 56660
20126 19971 56680
20159 19926 56700
20140 19896 56720
20092 19885 56740
20040 19887 56760
20003 19889 56780
19974 19897 56800
19951 19905 56820
19935 19916 56840
19902 19929 56860
19893 19938 56880
19882 19943 56900
19882 19944 56920
19890 19944 56940
19907 19941 56960
19931 19940 56980
19959 19942 57000
19992 19941 57020
20033 19946 57040
20080 19951 57060
20088 19962 57080
20117 19972 57100
20139 19988 57120
20151 20001 57140
20169 20014 57160
20178 20031 57180
20179 20045 57200
20175 20059 57220
20172 20075 57240
20159 20088 57260
20148 20103 57280
20132 20116 57300
20123 20126 57320
20089 20134 57340
20075 20140 57360
20051 20143 57380
20030 20144 57400
20013 20148 57420
20001 20148 57440
19990 20142 57460
19980 20142 57480
19960 20141 57500
19937 20138 57520
19924 20135 57540
19914 20130 57560
19910 20126 57580
19913 20121 57600
19918 20114 57620
19922 20105 57640
19926 20098 57660
19929 20091 57680
19940 20084 57700
19947 20078 57720
19966 20072 57740
19957 20068 57760
19964 20063 57780
19963 20058 57800
19966 20053 57820
19974 20050 57840
19961 20046 57860
19965 20046 57880
19946 20046 57900
19933 20047 57920
19909 20042 57940
19884 20040 57960
19849 20035 57980
19824 20029 58000
19811 20013 58020
19818 19990 58040
19835 19957 58060
19825 19939 58080
19829 19932 58100
19820 19910 58120
19836 19913 58140
19829 19920 58160
19855 19919 58180
19883 19930 58200
19894 19944 58220
19890 19958 58240
19878 19965 58260
19861 19961 58280
19848 19948 58300
19854 19935 58320
19868 19918 58340
19891 19906 58360
19902 19898 58380
19926 19892 58400
19940 19886 58420
19954 19878 58440
19973 19873 58460
20009 19869 58480
20038 19868 58500
20068 19870 58520
20101 19874 58540
20139 19886 58560
20185 19903 58580
20211 19927 58600
20241 19953 58620
20239 19979 58640
20240 20004 58660
20224 20022 58680
20197 20037 58700
20168 20054 58720
20140 20065 58740
20107 20072 58760
20080 20080 58780
20050 20082 58800
20015 20083 58820
19992 20083 58840
19961 20081 58860
19953 20076 58880
19931 20075 58900
19926 20070 58920
19925 20069 58940
19936 20070 58960
19949 20072 58980
19978 20068 59000
20011 20061 59020
20042 20050 59040
20085 20036 59060
20113 20023 59080
20151 20002 59100
20179 19982 59120
20197 19965 59140
20205 19947 59160
20205 19933 59180
20198 19920 59200
20194 19910 59220
20184 19903 59240
20170 19896 59260
20144 19885 59280
20115 19877 59300
20081 19879 59320
20048 19884 59340
20026 19888 59360
19986 19896 59380
19958 19904 59400
19926 19917 59420
19893 19927 59440
19870 19935 59460
19861 19942 59480
19858 19946 59500
19862 19948 59520
19865 19952 59540
19876 19957 59560
19895 19959 59580
19907 19956 59600
19921 19958 59620
19905 19967 59640
19902 19972 59660
19893 19984 59680
19888 19991 59700
19888 19995 59720
19886 19995 59740
19896 19997 59760
19897 19999 59780
19904 19999 59800
19902 20001 59820
19910 20000 59840
19905 20006 59860
19905 20002 59880
19919 20006 59900
19926 20003 59920
19928 20007 59940
19933 20006 59960
19928 20008 59980
19935 20008 60000
19937 20009 60020
19942 20005 60040
19947 20002 60060
19948 19997 60080
19959 19993 60100
19967 19990 60120
19985 19986 60140
19995 19985 60160
19996 19990 60180
19989 19995 60200
19980 19999 60220
19975 20003 60240
19975 20000 60260
19971 20002 60280
19969 19998 60300
19978 20000 60320
19977 19999 60340
19981 19998 60360
19990 19994 60380
20008 19991 60400
20030 19988 60420
20046 19985 60440
20050 19984 60460
20062 19985 60480
20054 19986 60500
20053 19988 60520
20051 19991 60540
20052 19993 60560
20060 19994 60580
20058 19996 60600
20075 19996 60620
20076 19996 60640
20088 19995 60660
20103 19995 60680
20119 19997 60700
20141 19998 60720
20155 20003 60740
20165 20013 60760
20186 20020 60780
20207 20032 60800
20206 20041 60820
20210 20055 60840
20206 20070 60860
20196 20088 60880
20179 20107 60900
20166 20124 60920
20138 20139 60940
20101 20152 60960
20062 20155 60980
20025 20154 61000
19989 20149 61020
19967 20142 61040
19949 20130 61060
19930 20122 61080
19921 20111 61100
19909 20101 61120
19907 20087 61140
19907 20069 61160
19908 20059 61180
19918 20056 61200
19928 20053 61220
19937 20046 61240
19951 20045 61260
19958 20043 61280
19976 20039 61300
19996 20035 61320
19997 20036 61340
20012 20033 61360
20005 20032 61380
20007 20030 61400
20004 20030 61420
20005 20027 61440
20006 20021 61460
20005 20011 61480
19995 20012 61500
19992 20016 61520
19986 20007 61540
20002 20006 61560
20011 20005 61580
19988 20015 61600
19972 20022 61620
19964 20020 61640
19993 20013 61660
20015 20011 61680
20030 20007 61700
20047 19996 61720
20063 19978 61740
20085 19957 61760
20085 19940 61780
20070 19928 61800
20054 19926 61820
20024 19932 61840
19996 19942 61860
19980 19952 61880
19961 19961 61900
19951 19971 61920
19945 19979 61940
19940 19983 61960
19935 19988 61980
19935 19995 62000
19935 19994 62020
19939 19987 62040
19956 19983 62060
19946 19981 62080
19957 19984 62100
19957 19986 62120
19962 19988 62140
19977 19983 62160
20016 19977 62180
20010 19979 62200
20028 19980 62220
20049 19986 62240
20061 19994 62260
20062 20002 62280
20059 20007 62300
20054 20014 62320
20035 20012 62340
20030 20011 62360
20015 20009 62380
20012 20009 62400
20012 20004 62420
20007 19999 62440
19995 19994 62460
19985 19991 62480
19973 19991 62500
19960 19993 62520
19950 19996 62540
19934 19998 62560
19939 20000 62580
19921 20003 62600
19928 20003 62620
19920 20009 62640
19921 20010 62660
19923 20007 62680
19929 20007 62700
19933 20008 62720
19951 20010 62740
19965 20015 62760
19973 20013 62780
19980 20013 62800
19984 20011 62820
19995 20009 62840
19995 20007 62860
20007 20009 62880
20015 20009 62900
20023 20010 62920
20034 20017 62940
20040 20021 62960
20042 20030 62980
20036 20037 63000
20027 20036 63020
20007 20029 63040
19991 20018 63060
19956 20004 63080
19948 19994 63100
19951 19996 63120
19965 20005 63140
19963 20015 63160
19979 20015 63180
19977 19998 63200
20036 20024 63220
20034 20033 63240
20035 20033 63260
20014 20005 63280
20044 20000 63300
20030 19997 63320
20121 20016 63340
20067 19946 63360
20096 19937 63380
20122 19959 63400
20010 20006 63420
19998 20006 63440
20014 20004 63460
20050 20003 63480
20105 19982 63500
20122 19945 63520
20123 19945 63540
20141 19972 63560
20110 19942 63580
20089 19960 63600
20129 20013 63620
19992 19956 63640
19974 19905 63660
19996 19917 63680
20125 19969 63700
20060 19997 63720
19957 19989 63740
19917 19965 63760
19931 19938 63780
19993 19939 63800
20083 19969 63820
20123 19981 63840
20089 19993 63860
20050 19997 63880
19968 19982 63900
19971 20003 63920
19954 19973 63940
19900 19921 63960
19914 19911 63980
19905 19949 64000
19863 19966 64020
19883 19979 64040
19842 20020 64060
19887 20030 64080
19909 20042 64100
19917 20042 64120
19948 20051 64140
19954 20066 64160
19942 20074 64180
19908 20052 64200
19919 20020 64220
19938 19996 64240
19984 19984 64260
20022 19979 64280
20084 20005 64300
20115 20019 64320
20109 20023 64340
20115 20017 64360
20083 20013 64380
20112 19973 64400
20152 19961 64420
20140 19963 64440
20131 19960 64460
20126 19957 64480
20146 19988 64500
20149 19986 64520
20135 19970 64540
20149 19964 64560
20112 19966 64580
20105 20019 64600
20112 20019 64620
19985 20080 64640
20046 20036 64660
20032 20066 64680
19991 20087 64700
19987 20082 64720
19995 20067 64740
19978 20080 64760
19944 20061 64780
19954 20081 64800
19944 20100 64820
19956 20100 64840
19871 20068 64860
19887 20098 64880
19783 20059 64900
19823 20022 64920
19833 19992 64940
19816 19985 64960
19881 19927 64980
19891 19967 65000
19914 19974 65020
20016 19965 65040
20135 19934 65060
20122 19926 65080
20055 19943 65100
19998 19975 65120
20006 20003 65140
19937 19965 65160
20074 20066 65180
20014 20040 65200
19939 20000 65220
19968 19986 65240
19989 19984 65260
20006 19994 65280
20028 20003 65300
20033 20002 65320
20017 19987 65340
19987 19979 65360
19951 19971 65380
19933 19970 65400
19921 19967 65420
19906 19967 65440
19904 19966 65460
19926 19977 65480
19960 20003 65500
19975 20045 65520
19943 20064 65540
19873 20047 65560
19847 20023 65580
19868 20008 65600
19909 19997 65620
19928 19989 65640
19957 19990 65660
19955 19986 65680
19937 19990 65700
19910 20011 65720
19896 20037 65740
19899 20050 65760
19922 20053 65780
19952 20045 65800
19976 20035 65820
19996 20029 65840
19988 20023 65860
19994 20022 65880
19982 20028 65900
19981 20039 65920
19979 20051 65940
19991 20060 65960
20007 20060 65980
20025 20057 66000
20040 20050 66020
20049 20041 66040
20075 20030 66060
20106 20024 66080
20125 20021 66100
20132 20018 66120
20132 20015 66140
20151 20005 66160
20159 19993 66180
20140 19989 66200
20138 19975 66220
20144 19967 66240
20134 19967 66260
20133 19963 66280
20135 19964 66300
20140 19960 66320
20147 19960 66340
20151 19959 66360
20146 19958 66380
20160 19957 66400
20153 19951 66420
20138 19945 66440
20125 19940 66460
20112 19936 66480
20095 19935 66500
20078 19936 66520
20063 19936 66540
20061 19932 66560
20061 19936 66580
20058 19935 66600
20052 19937 66620
20060 19941 66640
20060 19944 66660
20060 19948 66680
20061 19952 66700
20069 19952 66720
20066 19958 66740
20069 19959 66760
20070 19957 66780
20065 19956 66800
20057 19961 66820
20061 19958 66840
20076 19962 66860
20075 19964 66880
20067 19967 66900
20077 19971 66920
20069 19977 66940
20063 19979 66960
20043 19980 66980
20033 19985 67000
20031 19988 67020
20005 19987 67040
19987 19991 67060
19985 19997 67080
19974 20003 67100
19954 20011 67120
19950 20016 67140
19938 20024 67160
19943 20029 67180
19932 20032 67200
19942 20036 67220
19944 20034 67240
19942 20045 67260
19926 20069 67280
19919 20092 67300
19915 20107 67320
19915 20111 67340
19925 20100 67360
19939 20085 67380
19964 20071 67400
19970 20056 67420
19985 20043 67440
19998 20037 67460
20002 20032 67480
20001 20023 67500
20000 20007 67520
20001 19993 67540
20000 19982 67560
20000 19973 67580
19990 19964 67600
19983 19961 67620
19963 19961 67640
19946 19965 67660
19919 19971 67680
19908 19974 67700
19902 19970 67720
19905 19974 67740
19900 19976 67760
19898 19978 67780
19903 19985 67800
19904 19990 67820
19909 20004 67840
19911 20009 67860
19924 20022 67880
19929 20032 67900
19932 20047 67920
19918 20054 67940
19907 20060 67960
19906 20070 67980
19909 20082 68000
19903 20089 68020
19900 20096 68040
19899 20098 68060
19892 20100 68080
19901 20103 68100
19898 20106 68120
19906 20108 68140
19904 20108 68160
19901 20102 68180
19904 20101 68200
19912 20096 68220
19915 20094 68240
19923 20092 68260
19937 20091 68280
19950 20083 68300
19961 20071 68320
19954 20057 68340
19962 20053 68360
19956 20056 68380
19930 20061 68400
19925 20061 68420
19954 20042 68440
19992 20014 68460
20018 19977 68480
20019 19942 68500
20026 19912 68520
20024 19908 68540
20040 19912 68560
20056 19921 68580
20040 19932 68600
20033 19941 68620
20037 19950 68640
20046 19959 68660
20048 19969 68680
20054 19980 68700
20054 19984 68720
20052 19992 68740
20055 19998 68760
20062 20002 68780
20077 20005 68800
20072 20004 68820
20077 20011 68840
20075 20021 68860
20077 20030 68880
20054 20034 68900
20041 20036 68920
20019 20035 68940
20001 20023 68960
19966 20003 68980
19925 19983 69000
19910 19965 69020
19923 19949 69040
19950 19943 69060
19972 19950 69080
20002 19954 69100
20023 19959 69120
20058 19970 69140
20071 19971 69160
20085 19974 69180
20098 19981 69200
20092 19983 69220
20094 19988 69240
20081 19988 69260
20078 19987 69280
20069 19985 69300
20055 19981 69320
20043 19975 69340
20034 19972 69360
20028 19972 69380
20003 19973 69400
19995 19968 69420
19980 19960 69440
19992 19960 69460
19990 19963 69480
19973 19969 69500
19957 19978 69520
19932 19986 69540
19913 19993 69560
19911 20001 69580
19898 20005 69600
19922 20002 69620
19933 20010 69640
19953 20011 69660
19971 20013 69680
19996 20010 69700
20011 20001 69720
20027 19989 69740
20038 19987 69760
20058 19986 69780
20078 19989 69800
20086 19985 69820
20101 19980 69840
20090 19974 69860
20101 19957 69880
20095 19947 69900
20088 19936 69920
20067 19930 69940
20057 19928 69960
20045 19928 69980
20053 19926 70000
20032 19928 70020
20030 19930 70040
20018 19937 70060
20001 19946 70080
19992 19944 70100
19991 19953 70120
19992 19958 70140
20000 19965 70160
19991 19974 70180
19982 19974 70200
19986 19979 70220
19973 19988 70240
19960 19994 70260
19963 19997 70280
19972 19999 70300
19961 20006 70320
19967 20011 70340
19993 20014 70360
19998 20018 70380
20020 20021 70400
20024 20022 70420
20029 20025 70440
20039 20026 70460
20047 20026 70480
20043 20024 70500
20039 20025 70520
20037 20029 70540
20049 20034 70560
20080 20044 70580
20086 20054 70600
20095 20070 70620
20079 20083 70640
20071 20097 70660
20062 20113 70680
20043 20122 70700
20022 20130 70720
19992 20131 70740
19971 20124 70760
19971 20113 70780
19981 20104 70800
19993 20090 70820
20017 20080 70840
20015 20068 70860
20038 20054 70880
20028 20037 70900
20035 20025 70920
20047 20016 70940
20049 20016 70960
20040 20021 70980
20030 20025 71000
20019 20027 71020
20015 20028 71040
20012 20024 71060
20004 20022 71080
20000 20025 71100
19972 20031 71120
19943 20036 71140
19913 20035 71160
19893 20034 71180
19876 20034 71200
19866 20032 71220
19854 20025 71240
19863 20019 71260
19843 20011 71280
19834 20001 71300
19812 19989 71320
19816 19983 71340
19836 19977 71360
19838 19976 71380
19856 19982 71400
19883 19981 71420
19829 19985 71440
19796 19981 71460
19795 19979 71480
19807 19977 71500
19817 19971 71520
19819 19967 71540
19814 19964 71560
19805 19967 71580
19780 19982 71600
19768 20004 71620
19739 20044 71640
19744 20102 71660
19771 20146 71680
19908 20113 71700
20075 20026 71720
20135 19979 71740
20041 20017 71760
19947 20061 71780
20004 20017 71800
20051 19999 71820
19965 20057 71840
19937 20052 71860
20046 20006 71880
20071 19984 71900
20023 19989 71920
19967 19996 71940
19948 20007 71960
19927 20025 71980
19938 20030 72000
19960 20036 72020
19967 20042 72040
19971 20042 72060
19982 20034 72080
19980 20042 72100
19964 20052 72120
19963 20065 72140
19985 20060 72160
20021 20034 72180
20050 20000 72200
20022 20003 72220
19953 20038 72240
19941 20063 72260
19980 20061 72280
20038 20033 72300
20087 20013 72320
20055 20015 72340
20037 20032 72360
20022 20045 72380
20048 20048 72400
20101 20040 72420
20141 20022 72440
20168 20002 72460
20169 19989 72480
20161 19984 72500
20150 19988 72520
20146 19992 72540
20152 19998 72560
20158 20004 72580
20143 20008 72600
20134 20011 72620
20121 20012 72640
20109 20009 72660
20084 20015 72680
20053 20017 72700
20049 20015 72720
20043 20014 72740
20025 20010 72760
20018 20003 72780
20003 19996 72800
20010 19989 72820
20036 19993 72840
20054 19998 72860
20066 20001 72880
20049 19998 72900
20039 19995 72920
20062 20010 72940
20065 20003 72960
20031 19999 72980
20030 19997 73000
20041 20003 73020
20038 19993 73040
20024 19989 73060
20040 19997 73080
20043 20000 73100
20057 20010 73120
20021 20002 73140
20041 20001 73160
20047 20003 73180
20061 20005 73200
20024 19997 73220
20061 19999 73240
20036 19990 73260
20039 19985 73280
20060 19989 73300
20052 20008 73320
20062 19995 73340
20032 20003 73360
20060 20006 73380
20029 20008 73400
20024 20008 73420
20018 20015 73440
20018 20007 73460
19970 19986 73480
19997 20007 73500
20018 20024 73520
19988 19997 73540
19975 19986 73560
20003 19984 73580
20013 19987 73600
20002 19983 73620
19973 19958 73640
20012 19955 73660
20109 19978 73680
20075 20010 73700
20113 20044 73720
19958 20001 73740
19980 20019 73760
19994 20071 73780
19878 19998 73800
20063 20011 73820
20010 19977 73840
19964 19963 73860
20018 20003 73880
20017 19969 73900
20026 19990 73920
20027 20003 73940
19986 19998 73960
19997 19981 73980
19998 19968 74000
20018 19993 74020
19992 20003 74040
20057 19980 74060
20062 19986 74080
20117 19951 74100
20056 19968 74120
20121 19957 74140
20083 19995 74160
20065 19980 74180
19998 19950 74200
20038 19976 74220
20048 19988 74240
20035 19972 74260
20050 19974 74280
20065 19991 74300
20076 20001 74320
20038 20010 74340
19984 19994 74360
20011 20003 74380
19957 19964 74400
19985 19960 74420
19967 19954 74440
19981 19933 74460
20014 19949 74480
20077 19968 74500
20084 19982 74520
20115 20007 74540
20089 20038 74560
20021 20029 74580
19942 19988 74600
19936 19958 74620
19952 19941 74640
20009 19951 74660
20035 19949 74680
20060 19954 74700
20085 19981 74720
20097 20011 74740
20084 20023 74760
20044 20017 74780
19997 20011 74800
19977 20003 74820
19968 19995 74840
19962 19987 74860
19962 19982 74880
19959 19973 74900
19965 19974 74920
19958 19979 74940
19963 19984 74960
19965 19988 74980
19967 19984 75000
19967 19977 75020
19956 19985 75040
19968 19998 75060
19966 20008 75080
19960 20009 75100
19960 20014 75120
19973 20018 75140
19969 20018 75160
19984 20012 75180
19990 20014 75200
19994 20016 75220
20000 20016 75240
20007 20012 75260
20011 20009 75280
20000 20008 75300
19998 20007 75320
20000 20007 75340
20017 20006 75360
19996 19998 75380
20003 19996 75400
20005 19994 75420
20004 19989 75440
20006 19986 75460
20006 19988 75480
20002 19988 75500
19996 19982 75520
19990 19981 75540
19993 19979 75560
19990 19975 75580
19983 19974 75600
19980 19978 75620
19969 19973 75640
19969 19965 75660
19985 19958 75680
19994 19956 75700
19991 19950 75720
19988 19963 75740
19991 19963 75760
19980 19967 75780
19980 19962 75800
19968 19956 75820
19978 19960 75840
19972 19955 75860
19964 19952 75880
19972 19960 75900
19977 19968 75920
19971 19967 75940
19974 19965 75960
19974 19970 75980
19976 19969 76000
19982 19969 76020
19989 19964 76040
19990 19962 76060
19988 19963 76080
20006 19967 76100
19997 19967 76120
19998 19966 76140
19996 19969 76160
19994 19964 76180
19988 19962 76200
19996 19966 76220
19980 19966 76240
19985 19973 76260
19963 19974 76280
19979 19971 76300
19994 19968 76320
19971 19974 76340
19993 19971 76360
19983 19977 76380
19964 19986 76400
19965 19986 76420
19966 19981 76440
19986 19997 76460
19989 20006 76480
19994 20012 76500
20001 20016 76520
20015 20012 76540
20016 20007 76560
20035 20016 76580
20042 20023 76600
20027 20020 76620
20019 20013 76640
20017 20008 76660
19994 20023 76680
19987 20032 76700
20011 20026 76720
20005 20021 76740
20019 20021 76760
20003 20022 76780
20016 20027 76800
20030 20025 76820
20021 20018 76840
20028 20011 76860
20041 20015 76880
20038 20022 76900
20025 20017 76920
20028 20026 76940
20023 20024 76960
20029 20024 76980
20034 20013 77000
20037 20012 77020
20031 20016 77040
20045 20014 77060
20062 20014 77080
20035 20017 77100
20022 20026 77120
20022 20017 77140
20019 20031 77160
20033 20027 77180
20013 20022 77200
20009 20014 77220
20015 20011 77240
20012 20000 77260
20019 20006 77280
20040 20023 77300
20036 20029 77320
20022 20024 77340
20019 20015 77360
20011 20020 77380
19996 20026 77400
20018 20022 77420
20009 20019 77440
20026 20007 77460
20032 20003 77480
20045 20017 77500
20028 20000 77520
20026 20002 77540
20033 20000 77560
20026 20004 77580
20048 20021 77600
20028 20011 77620
19983 19997 77640
20009 19999 77660
20015 19998 77680
20016 19990 77700
19992 19991 77720
19992 19991 77740
20026 19997 77760
20037 19999 77780
19981 20000 77800
19959 19988 77820
19957 19976 77840
19976 19984 77860
20004 19995 77880
19988 19996 77900
19976 19991 77920
19962 19984 77940
19967 19983 77960
19977 19986 77980
19989 19995 78000
20004 20005 78020
20002 20008 78040
19984 20009 78060
19959 20007 78080
19946 20004 78100
19964 20011 78120
19984 20012 78140
19993 20015 78160
20005 20017 78180
20011 20018 78200
20014 20018 78220
20002 20014 78240
20002 20013 78260
19999 20014 78280
20001 20006 78300
20002 20007 78320
19986 20013 78340
19995 20013 78360
19987 20010 78380
19990 20013 78400
19984 20020 78420
20009 20026 78440
20008 20024 78460
20008 20015 78480
20008 20002 78500
20017 19996 78520
19993 19992 78540
19965 19993 78560
19985 19998 78580
19995 19985 78600
19973 19966 78620
19965 19970 78640
19967 19982 78660
19987 19992 78680
20008 19989 78700
20023 19976 78720
20026 19976 78740
20029 19980 78760
20052 19980 78780
20072 19965 78800
20093 19947 78820
20068 19939 78840
20038 19932 78860
19997 19948 78880
19916 19989 78900
19930 19999 78920
19952 20037 78940
19986 20021 78960
20048 19999 78980
20088 19952 79000
20070 19940 79020
19979 19985 79040
19933 20022 79060
20021 19967 79080
20059 19966 79100
19946 19999 79120
20045 19963 79140
20004 20001 79160
19999 19984 79180
20092 20007 79200
19968 19985 79220
20040 20036 79240
20012 20021 79260
19927 19973 79280
19991 19998 79300
20048 20010 79320
20027 19989 79340
20029 19978 79360
19955 20015 79380
20007 19999 79400
19952 19992 79420
19951 20017 79440
19962 20024 79460
19971 19986 79480
19953 20015 79500
20047 19965 79520
20018 19985 79540
19995 20024 79560
20055 19997 79580
19928 19988 79600
20063 19976 79620
20023 19991 79640
20051 19998 79660
20032 19979 79680
20060 19997 79700
20024 20004 79720
20058 19983 79740
20063 19945 79760
20076 19937 79780
20048 19938 79800
20053 19957 79820
20046 19957 79840
20037 19940 79860
19993 19923 79880
19976 19958 79900
19958 19962 79920
19938 19951 79940
19984 19930 79960
20047 19898 79980
19952 19967 80000
19934 19946 80020
19960 19959 80040
19937 19913 80060
20022 19964 80080
20042 19888 80100
19930 19953 80120
20056 19919 80140
19938 19963 80160
20060 19909 80180
20037 19955 80200
20101 19950 80220
20127 19990 80240
20054 20023 80260
19964 20006 80280
19938 19973 80300
19918 19950 80320
19946 19942 80340
19984 19939 80360
20018 19928 80380
20057 19958 80400
20080 19962 80420
20065 19966 80440
20074 20000 80460
20097 20020 80480
20044 20030 80500
20033 20066 80520
20010 20071 80540
19940 20039 80560
19874 19974 80580
19938 19971 80600
20029 19997 80620
20034 20057 80640
20017 20035 80660
20027 20068 80680
19848 19977 80700
19913 19971 80720
20040 20002 80740
20083 20028 80760
20060 20049 80780
20015 20059 80800
19951 20033 80820
19888 19999 80840
19967 20034 80860
20105 20051 80880
20074 20054 80900
20004 20049 80920
19925 19985 80940
20001 19987 80960
20141 20042 80980
20138 20054 81000
20065 20051 81020
20023 20068 81040
19991 20056 81060
19982 20042 81080
19927 20020 81100
19899 20009 81120
19902 19953 81140
19985 20001 81160
20056 19998 81180
19961 19970 81200
20003 19979 81220
20058 19988 81240
20117 19971 81260
20080 20002 81280
19960 20056 81300
20020 20061 81320
20062 20049 81340
20138 20012 81360
20119 19996 81380
20078 19996 81400
20054 19997 81420
20067 20004 81440
20089 20025 81460
20111 20046 81480
20106 20050 81500
20077 20039 81520
20018 20040 81540
19964 20055 81560
19924 20069 81580
19912 20083 81600
19928 20094 81620
19975 20073 81640
20039 20025 81660
20026 20012 81680
19925 20061 81700
19891 20086 81720
19970 20071 81740
20031 20069 81760
20041 20075 81780
20003 20069 81800
19942 20048 81820
19908 20032 81840
19899 20029 81860
19907 20040 81880
19942 20046 81900
19987 20044 81920
19994 20039 81940
19961 20023 81960
19920 20014 81980
19916 20017 82000
19926 20033 82020
19952 20043 82040
19988 20039 82060
20029 20027 82080
20087 20006 82100
20127 19963 82120
20132 19934 82140
20068 19938 82160
19999 19957 82180
19968 19964 82200
19980 19972 82220
19988 19970 82240
19995 19964 82260
19992 19962 82280
20001 19951 82300
20004 19949 82320
19998 19954 82340
20015 19956 82360
20035 19972 82380
20062 19991 82400
20070 20012 82420
20046 20038 82440
20012 20060 82460
19957 20058 82480
19895 20039 82500
19861 20022 82520
19856 20017 82540
19854 20005 82560
19871 19999 82580
19865 19985 82600
19875 19966 82620
19931 19990 82640
20000 20037 82660
19989 20062 82680
19947 20090 82700
19896 20058 82720
19826 20007 82740
19919 20030 82760
19967 20051 82780
19942 20056 82800
19932 20062 82820
19941 20060 82840
19934 20057 82860
19940 20049 82880
19939 20039 82900
19940 20028 82920
19940 20018 82940
19938 20018 82960
19935 20020 82980
19946 20010 83000
19976 19986 83020
19991 19961 83040
19984 19949 83060
19965 19954 83080
19938 19974 83100
19912 20016 83120
19932 20037 83140
19977 20049 83160
20027 20046 83180
20029 20045 83200
20027 20047 83220
20017 20062 83240
20023 20057 83260
20030 20067 83280
20035 20079 83300
20055 20084 83320
20036 20089 83340
20036 20085 83360
20043 20081 83380
20056 20080 83400
20029 20068 83420
19976 20038 83440
19940 20009 83460
19947 20015 83480
19933 20048 83500
19961 20056 83520
20032 20033 83540
20088 20023 83560
20104 20050 83580
20057 20063 83600
19993 20045 83620
19982 20031 83640
19985 20023 83660
20013 20003 83680
20051 19994 83700
20030 20016 83720
20002 20047 83740
20041 20042 83760
20093 20024 83780
20123 20012 83800
20128 19999 83820
20134 19985 83840
20130 19968 83860
20135 19961 83880
20113 19969 83900
20106 19979 83920
20117 19985 83940
20117 19998 83960
20100 20008 83980
20064 20010 84000
20012 20004 84020
19977 19991 84040
19956 19992 84060
19934 20004 84080
19941 20009 84100
19967 20009 84120
20026 19984 84140
20076 19940 84160
20111 19905 84180
20058 19905 84200
20007 19920 84220
19986 19940 84240
19980 19928 84260
20013 19907 84280
20090 19921 84300
20162 19960 84320
20170 19999 84340
20148 20013 84360
20085 20007 84380
20058 20006 84400
20029 19996 84420
20001 19995 84440
19986 19999 84460
19961 20008 84480
19928 20008 84500
19911 20011 84520
19888 20001 84540
19890 20007 84560
19911 20002 84580
19902 20002 84600
19920 20016 84620
19932 20018 84640
19895 19985 84660
19919 19993 84680
19970 19998 84700
19964 19997 84720
19953 19987 84740
19957 19983 84760
19958 19994 84780
19972 19966 84800
20014 19966 84820
19959 19977 84840
19970 19970 84860
19978 19974 84880
19984 19977 84900
19982 19972 84920
19977 19964 84940
20010 19965 84960
20014 19954 84980
19968 19961 85000
19939 19986 85020
19929 20010 85040
19946 20021 85060
19999 19988 85080
20031 19968 85100
19985 19972 85120
19970 19970 85140
19979 19967 85160
20005 19979 85180
20028 19986 85200
20028 19979 85220
20024 19973 85240
20004 19987 85260
19995 19981 85280
20010 19995 85300
19987 20012 85320
20004 20010 85340
20001 20019 85360
19994 20013 85380
20006 20008 85400
20010 20007 85420
20019 20010 85440
20030 20017 85460
20031 20020 85480
20017 20025 85500
20003 20025 85520
19990 20023 85540
19981 20030 85560
19978 20030 85580
19978 20021 85600
19978 20025 85620
19987 20035 85640
19978 20026 85660
19958 20015 85680
19979 20015 85700
19989 20014 85720
19974 20011 85740
19962 20010 85760
19957 20002 85780
19958 19985 85800
19947 19975 85820
19921 19979 85840
19877 20003 85860
19834 20024 85880
19839 20036 85900
19855 20032 85920
19883 20018 85940
19932 20012 85960
19987 20028 85980
20019 20050 86000
20000 20046 86020
19980 20031 86040
19995 20021 86060
19995 20017 86080
20035 20024 86100
20037 20029 86120
20036 20035 86140
20029 20043 86160
20020 20055 86180
20032 20045 86200
20055 20026 86220
20061 20013 86240
20021 20030 86260
20016 20031 86280
20024 20021 86300
20042 20009 86320
20039 19999 86340
20069 20004 86360
20089 20019 86380
20091 20025 86400
20080 20012 86420
20084 19992 86440
20066 19982 86460
20057 19984 86480
20062 19996 86500
20062 20004 86520
20051 20000 86540
20056 19997 86560
20076 19988 86580
20081 19999 86600
20096 20012 86620
20062 20012 86640
20039 20010 86660
20040 20005 86680
20050 20001 86700
20043 20000 86720
20028 19993 86740
19993 19974 86760
20008 19976 86780
20024 19988 86800
20007 20002 86820
20025 20011 86840
20026 20014 86860
20028 20012 86880
20043 20013 86900
20050 20017 86920
20059 20024 86940
20044 20033 86960
20028 20039 86980
20019 20045 87000
20022 20051 87020
20023 20053 87040
20017 20040 87060
20014 20026 87080
20023 20016 87100
20018 20021 87120
20029 20033 87140
20040 20027 87160
20040 20020 87180
20011 20014 87200
19989 20007 87220
19979 19999 87240
19956 19985 87260
19955 19986 87280
19943 19982 87300
19939 19979 87320
19946 19989 87340
19947 19999 87360
19939 20001 87380
19930 20000 87400
19935 20011 87420
19952 20016 87440
19943 20032 87460
19944 20041 87480
19896 20018 87500
19894 20002 87520
19918 19995 87540
19929 20003 87560
19935 20018 87580
19956 20006 87600
19956 20008 87620
19962 20013 87640
19966 20015 87660
19968 20012 87680
19982 20014 87700
19988 20015 87720
20002 20020 87740
20014 20021 87760
20023 20020 87780
20024 20020 87800
20025 20012 87820
20022 20009 87840
20022 20004 87860
20005 19990 87880
19977 20012 87900
19928 20025 87920
19970 20014 87940
19991 20004 87960
19951 20004 87980
19949 20014 88000
19956 20018 88020
19958 20013 88040
19920 20026 88060
19879 20046 88080
19890 20037 88100
19941 20017 88120
19933 20019 88140
19942 20013 88160
19992 19999 88180
20001 20019 88200
20009 20033 88220
20054 20016 88240
20121 19990 88260
20135 19981 88280
20128 19991 88300
20152 19993 88320
20151 19969 88340
20121 19943 88360
20084 19937 88380
20035 19947 88400
19988 19958 88420
19979 19975 88440
19977 20001 88460
19944 20029 88480
19909 20011 88500
19990 20028 88520
20010 20010 88540
19992 20028 88560
19976 20020 88580
19989 20019 88600
20015 20038 88620
20027 20043 88640
19996 20026 88660
19980 20002 88680
19992 19998 88700
20010 20004 88720
20013 20004 88740
20044 20014 88760
20046 20008 88780
20053 19994 88800
20041 19994 88820
20028 20000 88840
20029 20005 88860
20024 20003 88880
20021 20004 88900
20024 20007 88920
20001 20008 88940
20006 20008 88960
20021 20013 88980
20035 20009 89000
20042 20005 89020
20037 20007 89040
20031 20011 89060
20024 20019 89080
20021 20023 89100
20030 20018 89120
20036 20016 89140
20042 20008 89160
20054 19992 89180
20050 19984 89200
20037 19988 89220
20029 19975 89240
20020 19973 89260
20016 19977 89280
20011 19982 89300
19995 19982 89320
19976 19980 89340
19968 19974 89360
19966 19978 89380
19978 19992 89400
19957 19995 89420
19942 20005 89440
19929 20017 89460
19929 20020 89480
19934 20029 89500
19958 20033 89520
19961 20022 89540
19975 20025 89560
19984 20016 89580
20013 20004 89600
20019 20003 89620
20004 19999 89640
20015 19994 89660
20023 19993 89680
20033 19998 89700
20040 20008 89720
20018 20009 89740
20013 20002 89760
20011 20000 89780
20035 19995 89800
20032 19994 89820
20038 19994 89840
20032 19990 89860
20042 19986 89880
20041 19987 89900
20022 19991 89920
20008 19992 89940
20004 19993 89960
20005 19993 89980
20010 20004 90000
