20014 19998 20
20007 19996 40
19998 19993 60
19983 19989 80
19988 19984 100
19992 19999 120
20029 19995 140
20014 20001 160
20014 19992 180
20002 19991 200
19993 19995 220
19992 19998 240
19995 19997 260
19986 20013 280
20018 20006 300
20000 20003 320
20003 20004 340
19993 20000 360
19998 20001 380
19993 20001 400
19991 20000 420
19986 20009 440
20017 19999 460
19992 20003 480
19993 20000 500
19993 20000 520
19987 19995 540
19997 20011 560
20033 19999 580
20010 19996 600
20003 19996 620
19990 20000 640
20006 19998 660
19992 20003 680
20006 20000 700
20000 20000 720
19992 19996 740
19982 19999 760
20003 19997 780
20003 20003 800
20016 19993 820
20010 20001 840
20030 19995 860
20002 20004 880
20007 20005 900
20003 20002 920
19996 20002 940
19991 20005 960
20002 20003 980
19996 20006 1000
19994 20003 1020
20000 20005 1040
20004 20008 1060
20010 20012 1080
20018 20006 1100
20001 20021 1120
20032 20007 1140
20000 20007 1160
20000 20005 1180
20002 20010 1200
20014 20010 1220
20005 20021 1240
20032 20008 1260
20006 20006 1280
20004 20004 1300
20002 20013 1320
20020 20007 1340
20000 20004 1360
19999 20003 1380
19994 20004 1400
20000 19998 1420
19991 20000 1440
20021 19995 1460
20010 19997 1480
20017 19998 1500
20005 20006 1520
20029 19999 1540
20010 19999 1560
20005 19997 1580
20001 20003 1600
20026 19996 1620
20010 19992 1640
20002 19991 1660
20005 20006 1680
20022 20004 1700
20005 20008 1720
20020 20001 1740
20004 20007 1760
20019 20002 1780
20006 19999 1800
19996 19999 1820
19998 19999 1840
19999 20002 1860
20002 20014 1880
20024 20012 1900
20009 20015 1920
20014 20009 1940
19997 20014 1960
20019 20006 1980
19996 20013 2000
20016 20007 2020
20001 20008 2040
20013 20006 2060
20009 20002 2080
20006 20004 2100
20001 20005 2120
20001 19999 2140
19985 20015 2160
20024 20006 2180
19999 20008 2200
20006 20003 2220
20005 20005 2240
20010 19998 2260
20000 19999 2280
19999 19997 2300
19993 20007 2320
19999 20003 2340
19990 20005 2360
19992 20004 2380
19983 20011 2400
20005 20003 2420
19995 20001 2440
19989 20003 2460
19995 20008 2480
20028 20003 2500
20004 19998 2520
19995 19996 2540
19987 20013 2560
20026 20009 2580
20009 20016 2600
20016 20009 2620
19996 20010 2640
19994 20006 2660
19979 20008 2680
19989 20005 2700
19981 20016 2720
20010 20006 2740
19992 20007 2760
20005 19997 2780
19998 19992 2800
19988 19994 2820
19988 19996 2840
19986 19998 2860
19987 20002 2880
20009 19997 2900
19996 19993 2920
19990 19993 2940
19978 20003 2960
20031 19990 2980
20006 19992 3000
20018 19988 3020
20007 19992 3040
20007 19988 3060
20005 19987 3080
19997 19988 3100
19999 19991 3120
19997 19993 3140
19991 19996 3160
19991 19994 3180
19983 19993 3200
19987 19994 3220
19987 20007 3240
20019 19998 3260
19996 19992 3280
19995 19990 3300
20000 19999 3320
20018 19995 3340
20005 20008 3360
20026 19998 3380
20007 20002 3400
20019 19993 3420
20009 20000 3440
20037 19989 3460
20008 19994 3480
20023 19994 3500
19994 19998 3520
19996 19997 3540
19988 20005 3560
20011 20004 3580
20009 20002 3600
20015 19994 3620
20009 19993 3640
20012 19988 3660
20001 19988 3680
19987 19989 3700
19983 19990 3720
19981 19993 3740
19990 19995 3760
19985 19995 3780
19985 19999 3800
19992 20001 3820
19996 20010 3840
20021 20003 3860
20004 20002 3880
19982 20007 3900
19988 20017 3920
20026 20013 3940
20005 20014 3960
20001 20007 3980
20002 20009 4000
20013 19996 4020
20000 19998 4040
20006 19992 4060
19991 19999 4080
20005 19998 4100
19998 19992 4120
19992 19989 4140
19992 19991 4160
20008 19993 4180
20018 20001 4200
20032 19997 4220
20008 20005 4240
20025 20003 4260
20007 20012 4280
20032 20006 4300
20004 20006 4320
20007 19996 4340
20002 19997 4360
20027 19988 4380
20005 19994 4400
20014 19993 4420
19997 20004 4440
20009 19996 4460
19988 19993 4480
19973 19993 4500
19969 20001 4520
19980 20007 4540
19984 20014 4560
19999 20011 4580
19983 20010 4600
19969 20007 4620
19965 20023 4640
19995 20016 4660
19981 20022 4680
20006 20008 4700
19974 20021 4720
20004 20019 4740
19997 20028 4760
20015 20016 4780
19989 20016 4800
20006 20009 4820
19990 20018 4840
20015 20008 4860
19987 20020 4880
20007 20011 4900
19977 20019 4920
20015 20009 4940
19984 20018 4960
20035 20009 4980
20007 20011 5000
20022 20003 5020
20000 20015 5040
20014 20003 5060
19982 20004 5080
19997 19998 5100
19989 19988 5120
19984 19990 5140
19987 19986 5160
19983 19987 5180
19986 19991 5200
19982 19994 5220
19978 19991 5240
19985 19998 5260
19987 20005 5280
19978 20004 5300
19970 20008 5320
19974 20011 5340
19978 20022 5360
20001 20016 5380
19988 20017 5400
20011 20012 5420
19999 20019 5440
20021 20009 5460
19995 20010 5480
20004 20005 5500
19996 20004 5520
19989 20003 5540
19986 20017 5560
20024 20011 5580
20005 20018 5600
20023 20001 5620
19994 19994 5640
19990 19994 5660
20005 20008 5680
20031 20001 5700
19998 20003 5720
19997 19999 5740
19991 20014 5760
20020 20007 5780
20000 20016 5800
20022 20009 5820
19995 20016 5840
20011 20009 5860
20002 20015 5880
20024 20012 5900
20002 20012 5920
20009 20008 5940
19977 20014 5960
20001 20004 5980
19978 20013 6000
20012 19997 6020
19983 20006 6040
20010 19997 6060
19999 19999 6080
20021 19991 6100
19999 19999 6120
20018 19994 6140
19991 20005 6160
20008 19997 6180
19986 19994 6200
19974 19994 6220
19973 20002 6240
19976 20005 6260
19977 20014 6280
20014 20001 6300
20003 19999 6320
20014 19990 6340
19986 20002 6360
20011 19995 6380
19982 19997 6400
20002 19993 6420
19991 20004 6440
20015 19998 6460
19993 20000 6480
19995 19995 6500
19993 19993 6520
19994 19995 6540
19993 20012 6560
20032 20000 6580
20007 19999 6600
19995 19994 6620
19994 20001 6640
20013 19995 6660
20004 20000 6680
20019 19993 6700
20013 19992 6720
20004 19989 6740
19999 20004 6760
20024 19998 6780
20003 20000 6800
19991 19996 6820
19975 20000 6840
19973 20000 6860
19965 20012 6880
19999 20002 6900
19978 20003 6920
19986 19996 6940
19977 20000 6960
19999 19995 6980
20002 19998 7000
20027 19986 7020
20007 19992 7040
20018 19989 7060
20004 20003 7080
20026 19986 7100
20004 19990 7120
20015 19993 7140
20007 20003 7160
20022 20003 7180
20003 20001 7200
19987 19999 7220
19982 20015 7240
20033 20005 7260
20004 20007 7280
19989 20007 7300
19983 20006 7320
19986 20004 7340
19984 20006 7360
20008 20000 7380
19997 20000 7400
20001 19995 7420
19991 19998 7440
20011 19997 7460
20005 20002 7480
20015 19995 7500
20002 19999 7520
19993 19999 7540
19984 20002 7560
19974 20002 7580
19967 20015 7600
19999 20007 7620
19977 20007 7640
19975 20004 7660
19973 20005 7680
19979 20000 7700
19980 19999 7720
19977 20001 7740
19985 20000 7760
19984 20002 7780
19984 20010 7800
19998 20009 7820
19998 20002 7840
19996 19998 7860
19993 20003 7880
20019 20001 7900
20010 20003 7920
20006 19997 7940
19998 19998 7960
19996 19997 7980
19995 19999 8000
20007 19987 8020
20002 19990 8040
20000 19990 8060
20012 19990 8080
20013 19989 8100
20010 19998 8120
20002 20002 8140
20001 20010 8160
20011 20002 8180
20006 20001 8200
20005 20002 8220
19994 20001 8240
19986 19999 8260
19985 19996 8280
19990 19995 8300
20001 19995 8320
20002 19997 8340
19998 19998 8360
20003 19999 8380
19998 20002 8400
19992 20000 8420
19997 19996 8440
20001 19994 8460
19996 19993 8480
20003 19995 8500
19996 19998 8520
19998 20001 8540
19995 20000 8560
19993 20001 8580
19995 19999 8600
19993 20000 8620
19999 20000 8640
20010 20001 8660
20004 20007 8680
20009 20008 8700
20003 20009 8720
20002 20005 8740
20001 20001 8760
20011 20001 8780
20013 20004 8800
20008 20004 8820
20010 20001 8840
20008 20004 8860
20006 20008 8880
19999 20006 8900
20001 20005 8920
20000 20006 8940
20001 20005 8960
20013 20006 8980
20012 20004 9000
20010 20005 9020
20013 20007 9040
20011 20009 9060
20010 20009 9080
20014 20005 9100
20014 20002 9120
20011 19998 9140
20006 19998 9160
20012 20004 9180
20005 20000 9200
20005 19998 9220
20003 19994 9240
20010 19994 9260
20017 19993 9280
20018 19996 9300
20016 19997 9320
20011 19999 9340
20012 20006 9360
20007 20010 9380
20011 20011 9400
20011 20013 9420
20009 20012 9440
20005 20011 9460
20003 20010 9480
20006 20009 9500
20003 20007 9520
19996 20007 9540
19984 20005 9560
19986 20005 9580
19988 20005 9600
19997 20001 9620
19997 20004 9640
20002 20004 9660
20004 20005 9680
19993 20004 9700
19997 20004 9720
19996 20004 9740
19999 20007 9760
20001 20008 9780
19995 20009 9800
20014 20008 9820
20019 20003 9840
20010 20001 9860
20006 19999 9880
20009 19997 9900
20011 20000 9920
20012 19998 9940
20003 19998 9960
19994 19991 9980
19994 19991 10000
